1.9004779465244576E7,8.733083077588306E-7+0.005649413742904844i,8.733083077588306E-7,0.005649413742904844,-44.95993225463388,-44.95869998086376,-44.96687259571215
1.900489418176172E7,8.785493826499102E-7+0.005650291861893003i,8.785493826499102E-7,0.005650291861893003,-44.95858226344353,-44.95735017982105,-44.96554232035259
1.9005008898278862E7,8.838379491988708E-7+0.00565117509068011i,8.838379491988708E-7,0.00565117509068011,-44.95722462822775,-44.955992735710296,-44.96420449067237
1.9005123614796005E7,8.891745841795954E-7+0.005652063475835047i,8.891745841795954E-7,0.005652063475835047,-44.955859281037476,-44.954627580772,-44.96285903946466
1.900523833131315E7,8.945598720806694E-7+0.00565295706430963i,8.945598720806694E-7,0.00565295706430963,-44.954486153399564,-44.953254646443185,-44.96150589872305
1.900535304783029E7,8.999944065693184E-7+0.00565385590369789i,8.999944065693184E-7,0.00565385590369789,-44.953105175919426,-44.95187386334539,-44.9601449996294
1.9005467764347438E7,9.05478790507959E-7+0.005654760042194059i,9.05478790507959E-7,0.005654760042194059,-44.95171627834702,-44.95048516127264,-44.95877627254181
1.900558248086458E7,9.110136355225596E-7+0.005655669528468892i,9.110136355225596E-7,0.005655669528468892,-44.95031938976814,-44.949088469179024,-44.95739964698227
1.9005697197381724E7,9.165995642142877E-7+0.005656584412073835i,9.165995642142877E-7,0.005656584412073835,-44.948914437984946,-44.947683715166,-44.95601505162397
1.9005811913898867E7,9.22237206154687E-7+0.005657504742743424i,9.22237206154687E-7,0.005657504742743424,-44.94750135058883,-44.94627082646963,-44.95462241427858
1.900592663041601E7,9.279272035216197E-7+0.005658430571283253i,9.279272035216197E-7,0.005658430571283253,-44.94608005359814,-44.944849729447625,-44.953221661883205
1.9006041346933153E7,9.336702064742268E-7+0.0056593619487761305i,9.336702064742268E-7,0.0056593619487761305,-44.94465047267862,-44.94342034956584,-44.951812720486934
1.9006156063450295E7,9.394668759266909E-7+0.005660298927107468i,9.394668759266909E-7,0.005660298927107468,-44.94321253233821,-44.941982611384844,-44.950395515237545
1.900627077996744E7,9.45317884038602E-7+0.005661241558895721i,9.45317884038602E-7,0.005661241558895721,-44.94176615603547,-44.94053643854617,-44.94896997036754
1.900638549648458E7,9.512239113493275E-7+0.005662189897106383i,9.512239113493275E-7,0.005662189897106383,-44.940311266773406,-44.93908175375815,-44.9475360091802
1.9006500213001724E7,9.571856514668651E-7+0.005663143995721773i,9.571856514668651E-7,0.005663143995721773,-44.938847786073296,-44.937618478781815,-44.946093554035315
1.900661492951887E7,9.632038072368233E-7+0.005664103909185977i,9.632038072368233E-7,0.005664103909185977,-44.93737563482796,-44.93614653441601,-44.94464252633446
1.9006729646036014E7,9.692790939697393E-7+0.005665069692763189i,9.692790939697393E-7,0.005665069692763189,-44.93589473275371,-44.93466584048302,-44.943182846506545
1.9006844362553157E7,9.754122371559782E-7+0.005666041402278874i,9.754122371559782E-7,0.005666041402278874,-44.93440499878896,-44.93317631581297,-44.94171443399219
1.90069590790703E7,9.816039743649235E-7+0.005667019094361983i,9.816039743649235E-7,0.005667019094361983,-44.93290635072452,-44.9316778782287,-44.940237207228705
1.9007073795587443E7,9.878550553500476E-7+0.005668002826409714i,9.878550553500476E-7,0.005668002826409714,-44.9313987052595,-44.93017044453011,-44.938751083634386
1.9007188512104586E7,9.941662409607495E-7+0.005668992656395919i,9.941662409607495E-7,0.005668992656395919,-44.929881978296606,-44.92865393047808,-44.93725597959231
1.900730322862173E7,1.0005383060544655E-6+0.005669988643340981i,1.0005383060544655E-6,0.005669988643340981,-44.928356084224106,-44.92712825077814,-44.93575181043441
1.900741794513887E7,1.0069720351759814E-6+0.0056709908465868i,1.0069720351759814E-6,0.0056709908465868,-44.92682093702845,-44.92559331906424,-44.934238490424654
1.9007532661656015E7,1.0134682284438587E-6+0.005671999326630343i,1.0134682284438587E-6,0.005671999326630343,-44.92527644901913,-44.9240490478814,-44.93271593274219
1.9007647378173158E7,1.0200276970729661E-6+0.005673014144533768i,1.0200276970729661E-6,0.005673014144533768,-44.923722531734356,-44.922495348668726,-44.93118404946415
1.9007762094690304E7,1.0266512661482844E-6+0.005674035362227549i,1.0266512661482844E-6,0.005674035362227549,-44.92215909547866,-44.92093213174182,-44.92964275154805
1.9007876811207447E7,1.033339774848967E-6+0.005675063042541165i,1.033339774848967E-6,0.005675063042541165,-44.92058604927812,-44.91935930627514,-44.92809194881421
1.900799152772459E7,1.0400940747757324E-6+0.005676097248927608i,1.0400940747757324E-6,0.005676097248927608,-44.919003301304095,-44.917776780283305,-44.92653154992702
1.9008106244241733E7,1.0469150328051298E-6+0.005677138045855174i,1.0469150328051298E-6,0.005677138045855174,-44.9174107582757,-44.916184460602935,-44.92496146237677
1.9008220960758876E7,1.0538035295392739E-6+0.005678185498529862i,1.0538035295392739E-6,0.005678185498529862,-44.91580832588682,-44.91458225287352,-44.92338159246057
1.900833567727602E7,1.060760460502397E-6+0.005679239673120179i,1.060760460502397E-6,0.005679239673120179,-44.914195908464436,-44.91297006151814,-44.92179184526294
1.9008450393793162E7,1.0677867357658351E-6+0.005680300636611812i,1.0677867357658351E-6,0.005680300636611812,-44.91257340919316,-44.91134778972401,-44.9201921246364
1.9008565110310305E7,1.0748832809401903E-6+0.005681368456890915i,1.0748832809401903E-6,0.005681368456890915,-44.91094072999027,-44.909715339422114,-44.91858233318116
1.9008679826827448E7,1.0820510361058423E-6+0.005682443202660609i,1.0820510361058423E-6,0.005682443202660609,-44.909297771635664,-44.90807261126689,-44.916962372224816
1.900879454334459E7,1.0892909586413603E-6+0.005683524943724596i,1.0892909586413603E-6,0.005683524943724596,-44.90764443334073,-44.90641950461557,-44.91533214180133
1.9008909259861737E7,1.0966040211277964E-6+0.005684613750691123i,1.0966040211277964E-6,0.005684613750691123,-44.905980613203454,-44.904755917506535,-44.91369154062983
1.900902397637888E7,1.1039912130936149E-6+0.00568570969525534i,1.1039912130936149E-6,0.00568570969525534,-44.90430620777943,-44.90308174663813,-44.912040466093224
1.9009138692896023E7,1.1114535402678904E-6+0.005686812849894732i,1.1114535402678904E-6,0.005686812849894732,-44.902621112549824,-44.90139688734607,-44.91037881421542
1.9009253409413166E7,1.1189920259252645E-6+0.00568792328823252i,1.1189920259252645E-6,0.00568792328823252,-44.90092522136887,-44.89970123358127,-44.90870647963935
1.900936812593031E7,1.1266077108886919E-6+0.0056890410848521355i,1.1266077108886919E-6,0.0056890410848521355,-44.89921842675003,-44.89799467788667,-44.907023355603684
1.9009482842447452E7,1.1343016537257398E-6+0.005690166315353325i,1.1343016537257398E-6,0.005690166315353325,-44.89750061978316,-44.89627711137381,-44.905329333919425
1.9009597558964595E7,1.1420749308015072E-6+0.005691299056330532i,1.1420749308015072E-6,0.005691299056330532,-44.895771690170285,-44.89454842369905,-44.903624304945886
1.900971227548174E7,1.1499286369072063E-6+0.005692439385393949i,1.1499286369072063E-6,0.005692439385393949,-44.8940315261964,-44.892808503038914,-44.901908157566346
1.900982699199888E7,1.1578638885199463E-6+0.00569358738161136i,1.1578638885199463E-6,0.00569358738161136,-44.8922800140583,-44.891057236065365,-44.90018077916308
1.9009941708516024E7,1.1658818171156491E-6+0.0056947431245565i,1.1658818171156491E-6,0.0056947431245565,-44.89051703931975,-44.88929450792048,-44.898442055591886
1.901005642503317E7,1.1739835768328486E-6+0.0056959066952797085i,1.1739835768328486E-6,0.0056959066952797085,-44.88874248543353,-44.88752020219025,-44.89669187115612
1.9010171141550314E7,1.1821703407067815E-6+0.005697078175823096i,1.1821703407067815E-6,0.005697078175823096,-44.88695623448442,-44.88573420087859,-44.894930108580496
1.9010285858067457E7,1.1904433039281348E-6+0.005698257649592151i,1.1904433039281348E-6,0.005698257649592151,-44.8851581666258,-44.883936384379844,-44.893156648983464
1.90104005745846E7,1.1988036810413718E-6+0.00569944520088154i,1.1988036810413718E-6,0.00569944520088154,-44.88334816080603,-44.882126631451655,-44.89137137185026
1.9010515291101743E7,1.2072527094904022E-6+0.005700640915423787i,1.2072527094904022E-6,0.005700640915423787,-44.88152609393549,-44.88030481918657,-44.88957415500418
1.9010630007618885E7,1.215791647982399E-6+0.005701844880048009i,1.215791647982399E-6,0.005701844880048009,-44.879691841410356,-44.87847082298357,-44.88776487457835
1.901074472413603E7,1.2244217764265358E-6+0.00570305718266302i,1.2244217764265358E-6,0.00570305718266302,-44.87784527714172,-44.87662451651864,-44.885943404985944
1.901085944065317E7,1.2331444004282827E-6+0.00570427791280749i,1.2331444004282827E-6,0.00570427791280749,-44.87598627272138,-44.87476577171491,-44.88410961889049
1.9010974157170314E7,1.241960846785044E-6+0.005705507161002057i,1.241960846785044E-6,0.005705507161002057,-44.87411469841254,-44.87289445871221,-44.88226338717518
1.9011088873687457E7,1.2508724667405186E-6+0.005706745019141231i,1.2508724667405186E-6,0.005706745019141231,-44.87223042255675,-44.87101044583596,-44.88040457891178
1.9011203590204604E7,1.2598806366832105E-6+0.0057079915805548585i,1.2598806366832105E-6,0.0057079915805548585,-44.870333311484444,-44.869113599565004,-44.878533061328355
1.9011318306721747E7,1.2689867567452142E-6+0.0057092469397505485i,1.2689867567452142E-6,0.0057092469397505485,-44.8684232299111,-44.867203784499594,-44.876648699777306
1.901143302323889E7,1.2781922530521415E-6+0.005710511192660334i,1.2781922530521415E-6,0.005710511192660334,-44.86650004056597,-44.865280863328046,-44.87475135770158
1.9011547739756033E7,1.2874985787727593E-6+0.005711784436791033i,1.2874985787727593E-6,0.005711784436791033,-44.86456360396773,-44.86334469679264,-44.872840896600906
1.9011662456273176E7,1.2969072124336188E-6+0.005713066770890807i,1.2969072124336188E-6,0.005713066770890807,-44.862613778936236,-44.861395143655244,-44.8709171759971
1.901177717279032E7,1.3064196595803954E-6+0.005714358295111364i,1.3064196595803954E-6,0.005714358295111364,-44.860650422350076,-44.859432060662044,-44.86898005339857
1.901189188930746E7,1.3160374562863928E-6+0.005715659111444763i,1.3160374562863928E-6,0.005715659111444763,-44.85867338848735,-44.857455302507205,-44.86702938426415
1.9012006605824605E7,1.3257621627833012E-6+0.0057169693228454055i,1.3257621627833012E-6,0.0057169693228454055,-44.856682530365006,-44.855464721796075,-44.865065021966146
1.9012121322341748E7,1.335595371597351E-6+0.005718289034220859i,1.335595371597351E-6,0.005718289034220859,-44.854677698237715,-44.85346016900774,-44.86308681775243
1.901223603885889E7,1.345538703755942E-6+0.005719618351860424i,1.345538703755942E-6,0.005719618351860424,-44.852658740471405,-44.85144149245614,-44.8610946207079
1.9012350755376037E7,1.3555938103131097E-6+0.005720957383626194i,1.3555938103131097E-6,0.005720957383626194,-44.850625503257916,-44.849408538250906,-44.859088277714825
1.901246547189318E7,1.3657623755450027E-6+0.005722306239247152i,1.3657623755450027E-6,0.005722306239247152,-44.848577830173824,-44.8473611502574,-44.857067633412946
1.9012580188410323E7,1.376046113024482E-6+0.005723665029818864i,1.376046113024482E-6,0.005723665029818864,-44.84651556294551,-44.845299170055114,-44.85503253015771
1.9012694904927466E7,1.386446770106401E-6+0.005725033868268308i,1.386446770106401E-6,0.005725033868268308,-44.844438540748904,-44.84322243689611,-44.85298280797852
1.901280962144461E7,1.39696612732012E-6+0.005726412869187511i,1.39696612732012E-6,0.005726412869187511,-44.84234660046774,-44.841130787661925,-44.850918304535355
1.9012924337961752E7,1.407605999099898E-6+0.005727802148965596i,1.407605999099898E-6,0.005727802148965596,-44.840239576499066,-44.839024056819746,-44.848838855075044
1.9013039054478895E7,1.4183682339041152E-6+0.0057292018256812705i,1.4183682339041152E-6,0.0057292018256812705,-44.8381173009222,-44.83690207637747,-44.84674429238596
1.9013153770996038E7,1.4292547175909054E-6+0.005730612019357342i,1.4292547175909054E-6,0.005730612019357342,-44.835979603118986,-44.834764675838166,-44.84463444675225
1.901326848751318E7,1.4402673704770517E-6+0.005732032851740705i,1.4402673704770517E-6,0.005732032851740705,-44.833826310113665,-44.83261168215265,-44.842509145906455
1.9013383204030324E7,1.4514081511325234E-6+0.005733464446502254i,1.4514081511325234E-6,0.005733464446502254,-44.83165724627615,-44.830442919671995,-44.840368214981666
1.901349792054747E7,1.462679056918363E-6+0.005734906929373318i,1.462679056918363E-6,0.005734906929373318,-44.82947223312216,-44.828258210098255,-44.83821147646191
1.9013612637064613E7,1.4740821226701762E-6+0.005736360427804363i,1.4740821226701762E-6,0.005736360427804363,-44.82727108983696,-44.82605737243464,-44.83603875013239
1.9013727353581756E7,1.485619425193635E-6+0.005737825071538044i,1.485619425193635E-6,0.005737825071538044,-44.82505363241443,-44.82384022293382,-44.8338498530273
1.90138420700989E7,1.4972930808474676E-6+0.005739300992136364i,1.4972930808474676E-6,0.005739300992136364,-44.82281967438033,-44.82160657504568,-44.83164459937758
1.9013956786616042E7,1.5091052481533082E-6+0.005740788323326434i,1.5091052481533082E-6,0.005740788323326434,-44.820569026276104,-44.81935623936364,-44.82942280055664
1.9014071503133185E7,1.521058127784528E-6+0.005742287200847038i,1.521058127784528E-6,0.005742287200847038,-44.81830149589865,-44.817089023569864,-44.82718426502572
1.901418621965033E7,1.5331539667187236E-6+0.0057437977628844155i,1.5331539667187236E-6,0.0057437977628844155,-44.81601688764887,-44.814804732378796,-44.824928798276844
1.901430093616747E7,1.5453950534134647E-6+0.005745320149396324i,1.5453950534134647E-6,0.005745320149396324,-44.81371500356205,-44.81250316747996,-44.822656202775455
1.9014415652684614E7,1.5577837243291242E-6+0.005746854502870338i,1.5577837243291242E-6,0.005746854502870338,-44.81139564216906,-44.810184127479005,-44.820366277901115
1.9014530369201757E7,1.5703223658408623E-6+0.005748400968379643i,1.5703223658408623E-6,0.005748400968379643,-44.80905859842099,-44.80784740783748,-44.81805881988702
1.9014645085718904E7,1.5830134070956622E-6+0.005749959692682222i,1.5830134070956622E-6,0.005749959692682222,-44.806703665059146,-44.805492800811244,-44.81573362175805
1.9014759802236047E7,1.5958593307759833E-6+0.0057515308254301465i,1.5958593307759833E-6,0.0057515308254301465,-44.80433063079633,-44.80312009538775,-44.81339047326759
1.901487451875319E7,1.6088626667531822E-6+0.005753114518298187i,1.6088626667531822E-6,0.005753114518298187,-44.801939281642504,-44.800729077220666,-44.81102916083215
1.9014989235270333E7,1.6220260026659167E-6+0.005754710926086992i,1.6220260026659167E-6,0.005754710926086992,-44.79952939924828,-44.79831952856446,-44.80864946746513
1.9015103951787475E7,1.6353519738372347E-6+0.005756320205520114i,1.6353519738372347E-6,0.005756320205520114,-44.797100762731006,-44.795891228206656,-44.80625117270894
1.901521866830462E7,1.6488432735318282E-6+0.005757942516319043i,1.6488432735318282E-6,0.005757942516319043,-44.79465314706171,-44.793443951398075,-44.803834052564824
1.901533338482176E7,1.662502647731909E-6+0.005759578020475208i,1.662502647731909E-6,0.005759578020475208,-44.79218632417399,-44.79097746978237,-44.80139787942192
1.9015448101338904E7,1.6763329026303163E-6+0.0057612268829603745i,1.6763329026303163E-6,0.0057612268829603745,-44.78970006190262,-44.788491551323006,-44.798942421983845
1.9015562817856047E7,1.6903369027391703E-6+0.005762889271539929i,1.6903369027391703E-6,0.005762889271539929,-44.78719412427633,-44.78598596022888,-44.7964674451938
1.901567753437319E7,1.704517571796223E-6+0.0057645653566177025i,1.704517571796223E-6,0.0057645653566177025,-44.784668271762776,-44.783460456878245,-44.793972710157874
1.9015792250890337E7,1.7188778959029443E-6+0.0057662553115321044i,1.7188778959029443E-6,0.0057662553115321044,-44.782122260833404,-44.78091479774016,-44.79145797406643
1.901590696740748E7,1.7334209252945163E-6+0.005767959312711533i,1.7334209252945163E-6,0.005767959312711533,-44.77955584374129,-44.77834873529487,-44.788922990113406
1.9016021683924623E7,1.7481497726137806E-6+0.005769677539197221i,1.7481497726137806E-6,0.005769677539197221,-44.77696876925185,-44.77576201795127,-44.786367507413765
1.9016136400441766E7,1.7630676208657422E-6+0.005771410173623321i,1.7630676208657422E-6,0.005771410173623321,-44.7743607811793,-44.77315438996345,-44.78379127091892
1.901625111695891E7,1.7781777199759185E-6+0.005773157401496723i,1.7781777199759185E-6,0.005773157401496723,-44.7717316194842,-44.77052559134383,-44.78119402132983
1.901636583347605E7,1.7934833873549208E-6+0.005774919411244548i,1.7934833873549208E-6,0.005774919411244548,-44.76908102021451,-44.76787535777531,-44.77857549500812
1.9016480549993195E7,1.8089880158346627E-6+0.00577669639498614i,1.8089880158346627E-6,0.00577669639498614,-44.76640871435772,-44.76520342052065,-44.775935423884896
1.9016595266510338E7,1.824695071719196E-6+0.005778488548088712i,1.824695071719196E-6,0.005778488548088712,-44.763714428523656,-44.76250950632953,-44.77327353536731
1.901670998302748E7,1.84060809382047E-6+0.005780296068982669i,1.84060809382047E-6,0.005780296068982669,-44.76099788523608,-44.75979333734329,-44.770589552242484
1.9016824699544623E7,1.8567307044580137E-6+0.005782119160242992i,1.8567307044580137E-6,0.005782119160242992,-44.758258801322214,-44.75705463099782,-44.76788319257946
1.901693941606177E7,1.8730666008411595E-6+0.0057839580273924465i,1.8730666008411595E-6,0.0057839580273924465,-44.755496889726686,-44.754293099922684,-44.76515416962803
1.9017054132578913E7,1.889619564996425E-6+0.005785812879966178i,1.889619564996425E-6,0.005785812879966178,-44.7527118579275,-44.75150845183929,-44.762402191715715
1.9017168849096056E7,1.90639345970277E-6+0.0057876839308346395i,1.90639345970277E-6,0.0057876839308346395,-44.74990340896922,-44.74870038945497,-44.75962696214111
1.90172835656132E7,1.923392238568357E-6+0.005789571397146806i,1.923392238568357E-6,0.005789571397146806,-44.74707124006344,-44.74586861035534,-44.75682817906528
1.9017398282130342E7,1.9406199411574934E-6+0.005791475499621805i,1.9406199411574934E-6,0.005791475499621805,-44.74421504366957,-44.743012806893134,-44.75400553540019
1.9017512998647485E7,1.958080700626957E-6+0.00579339646323209i,1.958080700626957E-6,0.00579339646323209,-44.741334506487306,-44.74013266607482,-44.7511587186936
1.9017627715164628E7,1.9757787395964775E-6+0.005795334516587622i,1.9757787395964775E-6,0.005795334516587622,-44.738429310398544,-44.7372278694437,-44.748287411011816
1.901774243168177E7,1.9937183812806882E-6+0.005797289892873974i,1.9937183812806882E-6,0.005797289892873974,-44.73549913107939,-44.73429809296023,-44.74539128881872
1.9017857148198914E7,2.01190404366064E-6+0.005799262829213647i,2.01190404366064E-6,0.005799262829213647,-44.732543638977226,-44.7313430068791,-44.742470022851755
1.9017971864716057E7,2.030340251243134E-6+0.005801253567425822i,2.030340251243134E-6,0.005801253567425822,-44.72956249819214,-44.728362275622814,-44.73952327799448
1.90180865812332E7,2.0490316284601466E-6+0.005803262353484175i,2.0490316284601466E-6,0.005803262353484175,-44.72655536730996,-44.72535555765234,-44.73655071314616
1.9018201297750346E7,2.067982909547985E-6+0.00580528943812627i,2.067982909547985E-6,0.00580528943812627,-44.7235218985108,-44.722322505334006,-44.73355198108719
1.901831601426749E7,2.0871989380378152E-6+0.005807335076565415i,2.0871989380378152E-6,0.005807335076565415,-44.72046173802242,-44.71926276480313,-44.73052672834171
1.9018430730784632E7,2.106684668906705E-6+0.005809399528721467i,2.106684668906705E-6,0.005809399528721467,-44.717374525797226,-44.71617597582319,-44.72747459503519
1.9018545447301775E7,2.1264451804402933E-6+0.005811483059970711i,2.1264451804402933E-6,0.005811483059970711,-44.71425989441443,-44.71306177164196,-44.72439521474969
1.901866016381892E7,2.1464856625559064E-6+0.0058135859399380835i,2.1464856625559064E-6,0.0058135859399380835,-44.71111747091027,-44.70991977884354,-44.72128821437372
1.901877488033606E7,2.1668114334412504E-6+0.005815708443801672i,2.1668114334412504E-6,0.005815708443801672,-44.707946874852254,-44.706749617196365,-44.71815321394955
1.9018889596853204E7,2.187427937078868E-6+0.005817850851896215i,2.187427937078868E-6,0.005817850851896215,-44.704747718957975,-44.70355089949634,-44.714989826514284
1.9019004313370347E7,2.2083407478453543E-6+0.005820013449927146i,2.2083407478453543E-6,0.005820013449927146,-44.701519608801775,-44.70032323140691,-44.711797657938384
1.901911902988749E7,2.2295555732102534E-6+0.005822196528942443i,2.2295555732102534E-6,0.005822196528942443,-44.698262142884026,-44.69706621129343,-44.70857630675845
1.9019233746404633E7,2.2510782618884217E-6+0.005824400385933905i,2.2510782618884217E-6,0.005824400385933905,-44.69497491176213,-44.69377943005382,-44.70532536400618
1.901934846292178E7,2.272914799568329E-6+0.005826625323157636i,2.272914799568329E-6,0.005826625323157636,-44.69165749909345,-44.69046247094383,-44.70204441303154
1.9019463179438923E7,2.2950713254928E-6+0.005828871649465268i,2.2950713254928E-6,0.005828871649465268,-44.688309479680186,-44.687114909398105,-44.69873302932232
1.9019577895956066E7,2.317554122926115E-6+0.005831139679085716i,2.317554122926115E-6,0.005831139679085716,-44.684930421317006,-44.6837363128451,-44.69539078031659
1.901969261247321E7,2.3403696327359272E-6+0.005833429732716097i,2.3403696327359272E-6,0.005833429732716097,-44.68151988319681,-44.680326240517864,-44.69201722521164
1.901980732899035E7,2.363524457253111E-6+0.005835742137532316i,2.363524457253111E-6,0.005835742137532316,-44.67807741592885,-44.67688424325893,-44.68861191476668
1.9019922045507494E7,2.3870253608564234E-6+0.005838077227029297i,2.3870253608564234E-6,0.005838077227029297,-44.67460256181105,-44.673409863319094,-44.68517439109955
1.9020036762024637E7,2.4108792809684317E-6+0.005840435341661495i,2.4108792809684317E-6,0.005840435341661495,-44.67109485391226,-44.66990263415154,-44.68170418747797
1.902015147854178E7,2.4350933232337606E-6+0.005842816828133586i,2.4350933232337606E-6,0.005842816828133586,-44.66755381716414,-44.66636208019896,-44.678200828104636
1.9020266195058923E7,2.4596747812129126E-6+0.005845222040903379i,2.4596747812129126E-6,0.005845222040903379,-44.663978966163924,-44.662787716674785,-44.6746638278958
1.9020380911576066E7,2.4846311256091925E-6+0.005847651340868691i,2.4846311256091925E-6,0.005847651340868691,-44.66036980716629,-44.65917904933826,-44.67109269225351
1.9020495628093213E7,2.509970026002642E-6+0.005850105096980524i,2.509970026002642E-6,0.005850105096980524,-44.65672583572633,-44.65553557426286,-44.66748691683119
1.9020610344610356E7,2.535699343982258E-6+0.005852583685337174i,2.535699343982258E-6,0.005852583685337174,-44.65304653808806,-44.6518567775974,-44.6638459872922
1.90207250611275E7,2.5618271446211877E-6+0.005855087489810758i,2.5618271446211877E-6,0.005855087489810758,-44.64933139029695,-44.648142135320434,-44.66016937906082
1.902083977764464E7,2.588361704897373E-6+0.005857616902439276i,2.588361704897373E-6,0.005857616902439276,-44.64557985766351,-44.644391112987265,-44.65645655706601
1.9020954494161785E7,2.6153115173162596E-6+0.005860172323387848i,2.6153115173162596E-6,0.005860172323387848,-44.641791394867816,-44.64060316546948,-44.652706975477834
1.9021069210678928E7,2.6426852934106158E-6+0.005862754160878353i,2.6426852934106158E-6,0.005862754160878353,-44.63796544611171,-44.636777736686206,-44.64892007743535
1.902118392719607E7,2.670491978313632E-6+0.005865362832056726i,2.670491978313632E-6,0.005865362832056726,-44.634101443883154,-44.632914259327805,-44.645095294766165
1.9021298643713214E7,2.6987407535833126E-6+0.005867998762829415i,2.6987407535833126E-6,0.005867998762829415,-44.63019880925094,-44.62901215457046,-44.64123204769774
1.9021413360230356E7,2.7274410452947506E-6+0.005870662388139051i,2.7274410452947506E-6,0.005870662388139051,-44.62625695151004,-44.62507083178282,-44.63732974456004
1.90215280767475E7,2.756602533530915E-6+0.005873354152330726i,2.756602533530915E-6,0.005873354152330726,-44.6222752676951,-44.621089688222966,-44.63338778147786
1.9021642793264646E7,2.786235155910224E-6+0.005876074509059717i,2.786235155910224E-6,0.005876074509059717,-44.61825314277459,-44.61706810872578,-44.62940554205442
1.902175750978179E7,2.816349119481617E-6+0.0058788239218092835i,2.816349119481617E-6,0.0058788239218092835,-44.614189948944365,-44.61300546538225,-44.62538239704586
1.9021872226298932E7,2.8469549152050142E-6+0.005881602864594819i,2.8469549152050142E-6,0.005881602864594819,-44.610085044649324,-44.608901117206074,-44.621317704023305
1.9021986942816075E7,2.878063315331635E-6+0.005884411821323465i,2.878063315331635E-6,0.005884411821323465,-44.6059377755943,-44.60475440979208,-44.617210807026055
1.9022101659333218E7,2.909685389429774E-6+0.005887251286543897i,2.909685389429774E-6,0.005887251286543897,-44.60174747370232,-44.60056467496265,-44.61306103620336
1.902221637585036E7,2.9418325153388537E-6+0.0058901217659237375i,2.9418325153388537E-6,0.0058901217659237375,-44.59751345647941,-44.59633123040361,-44.6088677074443
1.9022331092367504E7,2.974516386123863E-6+0.005893023776237395i,2.974516386123863E-6,0.005893023776237395,-44.5932350271044,-44.59205337928764,-44.60463012199597
1.9022445808884647E7,3.0077490268721964E-6+0.005895957846181143i,3.0077490268721964E-6,0.005895957846181143,-44.58891147330165,-44.58773040988664,-44.600347566069765
1.902256052540179E7,3.041542794542384E-6+0.005898924515706435i,3.041542794542384E-6,0.005898924515706435,-44.584542068400914,-44.58336159517042,-44.596019310434144
1.9022675241918933E7,3.0759103978474382E-6+0.005901924337199271i,3.0759103978474382E-6,0.005901924337199271,-44.58012606967897,-44.578946192393396,-44.591644609994525
1.902278995843608E7,3.1108649102052447E-6+0.005904957875801003i,3.1108649102052447E-6,0.005904957875801003,-44.575662717971326,-44.57448344266691,-44.587222703359174
1.9022904674953222E7,3.146419782127695E-6+0.0059080257097945486i,3.146419782127695E-6,0.0059080257097945486,-44.5711512371911,-44.56997257051881,-44.58275281239156
1.9023019391470365E7,3.1825888415234345E-6+0.005911128429859953i,3.1825888415234345E-6,0.005911128429859953,-44.566590835513026,-44.56541278343663,-44.57823414174612
1.902313410798751E7,3.2193863241569027E-6+0.005914266641033715i,3.2193863241569027E-6,0.005914266641033715,-44.56198070258519,-44.560803271397155,-44.57366587839013
1.902324882450465E7,3.256826882526933E-6+0.005917440962446915i,3.256826882526933E-6,0.005917440962446915,-44.55732001001237,-44.55614320637953,-44.569047191108986
1.9023363541021794E7,3.294925590793347E-6+0.005920652027179172i,3.294925590793347E-6,0.005920652027179172,-44.55260791167063,-44.55143174186244,-44.56437722999439
1.9023478257538937E7,3.333697975078082E-6+0.0059239004837544i,3.333697975078082E-6,0.0059239004837544,-44.54784354161606,-44.54666801230424,-44.559655125916116
1.902359297405608E7,3.3731600221002173E-6+0.005927186996045256i,3.3731600221002173E-6,0.005927186996045256,-44.54302601433529,-44.541851132604734,-44.55487998997419
1.9023707690573223E7,3.4133281879924654E-6+0.0059305122431306725i,3.4133281879924654E-6,0.0059305122431306725,-44.53815442506666,-44.53698019755002,-44.5500509129339
1.9023822407090366E7,3.4542194321135995E-6+0.005933876921080771i,3.4542194321135995E-6,0.005933876921080771,-44.53322784730216,-44.532054281236455,-44.54516696464019
1.9023937123607513E7,3.495851217525609E-6+0.00593728174206007i,3.495851217525609E-6,0.00593728174206007,-44.528245334224266,-44.5270724364762,-44.54022719341179
1.9024051840124656E7,3.5382415461807975E-6+0.005940727436149365i,3.5382415461807975E-6,0.005940727436149365,-44.52320591616606,-44.52203369418236,-44.53523062541543
1.90241665566418E7,3.581408964734303E-6+0.005944214750809999i,3.581408964734303E-6,0.005944214750809999,-44.51810860152888,-44.516937062730165,-44.530176264015836
1.902428127315894E7,3.6253725864732614E-6+0.005947744451505237i,3.6253725864732614E-6,0.005947744451505237,-44.51295237601043,-44.51178152729884,-44.52506308910402
1.9024395989676084E7,3.670152133632507E-6+0.005951317324012157i,3.670152133632507E-6,0.005951317324012157,-44.50773619937231,-44.50656604918835,-44.51989005640273
1.9024510706193227E7,3.7157679180495535E-6+0.005954934171606084i,3.7157679180495535E-6,0.005954934171606084,-44.50245900970206,-44.501289565112295,-44.514656096744204
1.902462542271037E7,3.76224090753458E-6+0.0059585958192891605i,3.76224090753458E-6,0.0059585958192891605,-44.49711971739556,-44.495950986465296,-44.509360115324874
1.9024740139227513E7,3.80959272203916E-6+0.005962303112027459i,3.80959272203916E-6,0.005962303112027459,-44.49171720789445,-44.490549198564615,-44.50400099093082
1.9024854855744656E7,3.857845670069485E-6+0.005966056916341036i,3.857845670069485E-6,0.005966056916341036,-44.48625033953647,-44.48508305986365,-44.49857757513662
1.90249695722618E7,3.90702277567728E-6+0.00596985812111197i,3.90702277567728E-6,0.00596985812111197,-44.48071794255644,-44.47955140113683,-44.49308869147365
1.9025084288778946E7,3.957147787599455E-6+0.005973707636894796i,3.957147787599455E-6,0.005973707636894796,-44.475118820273934,-44.47395302463582,-44.48753313456816
1.902519900529609E7,4.0082452530868376E-6+0.005977606399847099i,4.0082452530868376E-6,0.005977606399847099,-44.469451743568,-44.46828670321264,-44.48190966924745
1.902531372181323E7,4.060340488824338E-6+0.005981555368355418i,4.060340488824338E-6,0.005981555368355418,-44.46371545598656,-44.462551179411136,-44.47621702961215
1.9025428438330375E7,4.113459652505512E-6+0.005985555526599863i,4.113459652505512E-6,0.005985555526599863,-44.45790866877238,-44.4567451645258,-44.47045391807451
1.9025543154847518E7,4.1676297709476544E-6+0.005989607885205751i,4.1676297709476544E-6,0.005989607885205751,-44.45203006013933,-44.45086733762268,-44.46461900435921
1.902565787136466E7,4.222878757994736E-6+0.005993713480664778i,4.222878757994736E-6,0.005993713480664778,-44.4460782763414,-44.44491634452557,-44.45871092446649
1.9025772587881804E7,4.279235466886641E-6+0.005997873377633444i,4.279235466886641E-6,0.005997873377633444,-44.44005192857739,-44.4388907967621,-44.4527282795963
1.9025887304398946E7,4.336729721177134E-6+0.006002088669264965i,4.336729721177134E-6,0.006002088669264965,-44.433949592761444,-44.43278927047054,-44.44666963502953
1.902600202091609E7,4.395392352587886E-6+0.006006360478092418i,4.395392352587886E-6,0.006006360478092418,-44.42776980850507,-44.42661030526334,-44.4405335189671
1.9026116737433232E7,4.455255249615146E-6+0.006010689957478102i,4.455255249615146E-6,0.006010689957478102,-44.42151107729319,-44.420352403048085,-44.43431842132306
1.902623145395038E7,4.516351394081392E-6+0.006015078292274502i,4.516351394081392E-6,0.006015078292274502,-44.415171861815004,-44.41401402680047,-44.428022792469825
1.9026346170467522E7,4.578714903454005E-6+0.006019526699636207i,4.578714903454005E-6,0.006019526699636207,-44.40875058508876,-44.407593599290756,-44.421645041934575
1.9026460886984665E7,4.642381090911305E-6+0.006024036431045912i,4.642381090911305E-6,0.006024036431045912,-44.40224562784913,-44.401089501759124,-44.41518353704303
1.9026575603501808E7,4.707386503321205E-6+0.006028608772605816i,4.707386503321205E-6,0.006028608772605816,-44.39565532845535,-44.39450007253779,-44.40863660150885
1.902669032001895E7,4.773768981867478E-6+0.006033245046874741i,4.773768981867478E-6,0.006033245046874741,-44.3889779805848,-44.3878236056188,-44.40200251396651
1.9026805036536094E7,4.841567712522748E-6+0.006037946613901194i,4.841567712522748E-6,0.006037946613901194,-44.382211832104765,-44.38105834916313,-44.395279506443515
1.9026919753053237E7,4.910823284925037E-6+0.00604271487246084i,4.910823284925037E-6,0.00604271487246084,-44.375355083667245,-44.37420250395015,-44.38846576277147
1.902703446957038E7,4.981577753032247E-6+0.0060475512615687475i,4.981577753032247E-6,0.0060475512615687475,-44.36840588692782,-44.36725422176261,-44.38155941692946
1.9027149186087523E7,5.053874700046491E-6+0.006052457261976491i,5.053874700046491E-6,0.006052457261976491,-44.36136234280765,-44.36021160370541,-44.374558551321925
1.9027263902604666E7,5.127759308960089E-6+0.006057434397973675i,5.127759308960089E-6,0.006057434397973675,-44.354222499340985,-44.35307269845534,-44.367461194979825
1.9027378619121812E7,5.203278425384853E-6+0.006062484238287888i,5.203278425384853E-6,0.006062484238287888,-44.346984350839264,-44.345835500435754,-44.36026532169041
1.9027493335638955E7,5.2804806285523605E-6+0.00606760839773534i,5.2804806285523605E-6,0.00606760839773534,-44.33964583599996,-44.33849794791743,-44.352968848046366
1.90276080521561E7,5.359416334224173E-6+0.006072808540422641i,5.359416334224173E-6,0.006072808540422641,-44.33220483382233,-44.33105792103541,-44.34556963140875
1.902772276867324E7,5.4401378426906525E-6+0.006078086379431494i,5.4401378426906525E-6,0.006078086379431494,-44.32465916458714,-44.32351323972371,-44.338065467786436
1.9027837485190384E7,5.522699451439363E-6+0.0060834436802690095i,5.522699451439363E-6,0.0060834436802690095,-44.31700658547279,-44.31586166156062,-44.33045408962152
1.9027952201707527E7,5.607157539861345E-6+0.006088882262506055i,5.607157539861345E-6,0.006088882262506055,-44.30924478879821,-44.30810087952032,-44.32273316347735
1.902806691822467E7,5.693570649287202E-6+0.006094404000838956i,5.693570649287202E-6,0.006094404000838956,-44.301371401117215,-44.300228519626,-44.31490028762668
1.9028181634741813E7,5.78199961282496E-6+0.0061000108288736385i,5.78199961282496E-6,0.0061000108288736385,-44.293383978462366,-44.29224213850135,-44.306952989531474
1.9028296351258956E7,5.87250764770291E-6+0.006105704740839853i,5.87250764770291E-6,0.006105704740839853,-44.28528000458232,-44.28413922081165,-44.29888872321066
1.90284110677761E7,5.965160460539313E-6+0.006111487792879492i,5.965160460539313E-6,0.006111487792879492,-44.27705688981828,-44.27591717659234,-44.29070486648896
1.9028525784293246E7,6.060026376736172E-6+0.006117362106816532i,6.060026376736172E-6,0.006117362106816532,-44.268711966488645,-44.267573338456,-44.282398718121684
1.902864050081039E7,6.157176468374769E-6+0.006123329872370061i,6.157176468374769E-6,0.006123329872370061,-44.260242486535304,-44.259104958675664,-44.27396749478923
1.902875521732753E7,6.2566846857927136E-6+0.006129393350097654i,6.2566846857927136E-6,0.006129393350097654,-44.251645618177605,-44.25050920613057,-44.26540832794884
1.9028869933844674E7,6.358627990289567E-6+0.006135554873667864i,6.358627990289567E-6,0.006135554873667864,-44.24291844356614,-44.2417831631149,-44.25671826054626
1.9028984650361817E7,6.46308650638196E-6+0.006141816853003799i,6.46308650638196E-6,0.006141816853003799,-44.23405795525106,-44.23292382199736,-44.247894243568425
1.902909936687896E7,6.570143697550817E-6+0.006148181778638414i,6.570143697550817E-6,0.006148181778638414,-44.22506105099426,-44.22392808172628,-44.238933132437815
1.9029214083396103E7,6.679886500811496E-6+0.006154652223076656i,6.679886500811496E-6,0.006154652223076656,-44.21592453287457,-44.21479274416636,-44.22983168323129
1.9029328799913246E7,6.7924055357070885E-6+0.006161230846095571i,6.7924055357070885E-6,0.006161230846095571,-44.206645100885716,-44.20551451026559,-44.22058654872197
1.902944351643039E7,6.907795249889977E-6+0.006167920396221631i,6.907795249889977E-6,0.006167920396221631,-44.197219352000126,-44.19608997603666,-44.21119427422711
1.9029558232947532E7,7.02615418558586E-6+0.006174723718171419i,7.02615418558586E-6,0.006174723718171419,-44.187643770893914,-44.18651562834504,-44.20165129325475
1.902967294946468E7,7.147585116172747E-6+0.0061816437529438675i,7.147585116172747E-6,0.0061816437529438675,-44.17791473110589,-44.17678784049153,-44.19195392293691
1.902978766598182E7,7.2721952965424665E-6+0.006188683543518977i,7.2721952965424665E-6,0.006188683543518977,-44.16802848837007,-44.16690286758158,-44.18209835923765
1.9029902382498965E7,7.400096730606139E-6+0.006195846241032558i,7.400096730606139E-6,0.006195846241032558,-44.15798117337927,-44.15685684165861,-44.17208067191822
1.9030017099016108E7,7.5314063846846075E-6+0.006203135107350763i,7.5314063846846075E-6,0.006203135107350763,-44.147768789697366,-44.146645766602035,-44.16189679925392
1.903013181553325E7,7.66624647616059E-6+0.006210553521259048i,7.66624647616059E-6,0.006210553521259048,-44.13738720669221,-44.13626551276594,-44.15154254247922
1.9030246532050394E7,7.804744735696638E-6+0.006218104982400869i,7.804744735696638E-6,0.006218104982400869,-44.12683215572751,-44.12571181134428,-44.141013559950224
1.9030361248567536E7,7.947034729340076E-6+0.00622579311794065i,7.947034729340076E-6,0.00622579311794065,-44.11609922265127,-44.11498024844998,-44.130305361003906
1.903047596508468E7,8.093256188637252E-6+0.0062336216887512175i,8.093256188637252E-6,0.0062336216887512175,-44.10518384107661,-44.10406625888821,-44.11941329949937
1.9030590681601822E7,8.243555315736124E-6+0.0062415945936680085i,8.243555315736124E-6,0.0062415945936680085,-44.09408128848362,-44.092965119605935,-44.10833256701917
1.9030705398118965E7,8.398085212361112E-6+0.006249715879052441i,8.398085212361112E-6,0.006249715879052441,-44.08278667505739,-44.08167194279544,-44.097058185707624
1.903082011463611E7,8.557006186029776E-6+0.006257989741493029i,8.557006186029776E-6,0.006257989741493029,-44.07129494222942,-44.070181668635755,-44.085585000731285
1.9030934831153255E7,8.72048625712576E-6+0.006266420539787495i,8.72048625712576E-6,0.006266420539787495,-44.059600848464044,-44.058489057643754,-44.073907672325625
1.9031049547670398E7,8.888701532135686E-6+0.00627501279884889i,8.888701532135686E-6,0.00627501279884889,-44.047698966443676,-44.04658868261408,-44.062020667414785
1.903116426418754E7,9.061836727165197E-6+0.006283771220334523i,9.061836727165197E-6,0.006283771220334523,-44.03558367109777,-44.03447492011872,-44.04991825076492
1.9031278980704684E7,9.240085599506627E-6+0.00629270068749902i,9.240085599506627E-6,0.00629270068749902,-44.023249135825736,-44.02214194154144,-44.03759447564984
1.9031393697221827E7,9.423651605048016E-6+0.006301806280128176i,9.423651605048016E-6,0.006301806280128176,-44.0106893149876,-44.009583703614446,-44.025043173993055
1.903150841373897E7,9.612748398774738E-6+0.006311093279832253i,9.612748398774738E-6,0.006311093279832253,-43.99789793995516,-43.99679393842529,-44.01225794595121
1.9031623130256113E7,9.807600467589034E-6+0.006320567181294699i,9.807600467589034E-6,0.006320567181294699,-43.9848685071659,-43.983766142858514,-43.99923214890364
1.9031737846773256E7,1.0008443819975538E-5+0.006330233703918372i,1.0008443819975538E-5,0.006330233703918372,-43.97159426590136,-43.970493567436904,-43.98595888580581
1.90318525632904E7,1.0215526664106633E-5+0.006340098801822608i,1.0215526664106633E-5,0.006340098801822608,-43.95806820861266,-43.956969204516554,-43.972430992865306
1.903196727980754E7,1.042911021191701E-5+0.006350168677611296i,1.042911021191701E-5,0.006350168677611296,-43.94428305636759,-43.94318577579952,-43.95864102649224
1.903208199632469E7,1.0649469516721086E-5+0.006360449796243753i,1.0649469516721086E-5,0.006360449796243753,-43.93023124450033,-43.92913571910833,-43.944581249474844
1.903219671284183E7,1.0876894253218593E-5+0.0063709488938333775i,1.0876894253218593E-5,0.0063709488938333775,-43.915904915537396,-43.91481117438072,-43.93024361632784
1.9032311429358974E7,1.111168985334065E-5+0.006381673000980025i,1.111168985334065E-5,0.006381673000980025,-43.90129589265036,-43.90020396882031,-43.91561975774561
1.9032426145876117E7,1.135417837559232E-5+0.006392629451138083i,1.135417837559232E-5,0.006392629451138083,-43.88639567396773,-43.88530560115036,-43.900700964110115
1.903254086239326E7,1.160469963080987E-5+0.006403825898489381i,1.160469963080987E-5,0.006403825898489381,-43.87119541433491,-43.87010722490337,-43.885478167976316
1.9032655578910403E7,1.1863612477135422E-5+0.006415270340397031i,1.1863612477135422E-5,0.006415270340397031,-43.85568590136499,-43.854599630679644,-43.869941925458164
1.9032770295427546E7,1.2131295991170658E-5+0.006426971131336879i,1.2131295991170658E-5,0.006426971131336879,-43.83985754359394,-43.838773227295675,-43.85408239644498
1.903288501194469E7,1.2408150912374183E-5+0.006438937005820875i,1.2408150912374183E-5,0.006438937005820875,-43.82370034699385,-43.82261802174081,-43.83788932354535
1.903299972846183E7,1.269460112347807E-5+0.006451177099239056i,1.269460112347807E-5,0.006451177099239056,-43.80720389493827,-43.806123597858154,-43.82135200967738
1.9033114444978975E7,1.2991095322045846E-5+0.00646370097326838i,1.2991095322045846E-5,0.00646370097326838,-43.79035732268166,-43.78927909364769,-43.80445929419047
1.903322916149612E7,1.3298108700583027E-5+0.00647651863730358i,1.3298108700583027E-5,0.00647651863730358,-43.77314929793133,-43.77207317708855,-43.7871995274141
1.9033343878013264E7,1.3616144892357044E-5+0.0064896405772876704i,1.3616144892357044E-5,0.0064896405772876704,-43.75556799224767,-43.754494020370196,-43.769560543505584
1.9033458594530407E7,1.3945738039437837E-5+0.006503077783988693i,1.3945738039437837E-5,0.006503077783988693,-43.737601054077075,-43.736529272397135,-43.75152963145758
1.903357331104755E7,1.4287455077630677E-5+0.006516841785607803i,1.4287455077630677E-5,0.006516841785607803,-43.719235576943085,-43.71816602944533,-43.73309350413419
1.9033688027564693E7,1.4641898131700705E-5+0.0065309446789924815i,1.4641898131700705E-5,0.0065309446789924815,-43.70045807054895,-43.69939080381245,-43.71423826515783
1.9033802744081836E7,1.500970709644132E-5+0.006545399162171953i,1.500970709644132E-5,0.006545399162171953,-43.68125443121463,-43.68018949030634,-43.69494937348344
1.903391746059898E7,1.53915626841814E-5+0.00656021857873498i,1.53915626841814E-5,0.00656021857873498,-43.66160989780539,-43.66054733038573,-43.6752116054626
1.9034032177116122E7,1.5788189478897953E-5+0.006575416955316242i,1.5788189478897953E-5,0.006575416955316242,-43.64150901821699,-43.64044887377139,-43.655009014187954
1.9034146893633265E7,1.6200359388252875E-5+0.006591009045979052i,1.6200359388252875E-5,0.006591009045979052,-43.62093560817886,-43.61987793730722,-43.63432488589225
1.9034261610150408E7,1.6628895406881057E-5+0.0066070103808923515i,1.6628895406881057E-5,0.0066070103808923515,-43.59987270602791,-43.59881756084008,-43.613141693138715
1.9034376326667555E7,1.7074675759666516E-5+0.00662343731838986i,1.7074675759666516E-5,0.00662343731838986,-43.578302524838996,-43.57724995986176,-43.5914410445323
1.9034491043184698E7,1.7538638335666447E-5+0.006640307098813681i,1.7538638335666447E-5,0.006640307098813681,-43.55620640418393,-43.555156474639894,-43.56920363064528
1.903460575970184E7,1.802178572209207E-5+0.00665763790811041i,1.802178572209207E-5,0.00665763790811041,-43.53356475127918,-43.53251751550794,-43.5464091658056
1.9034720476218984E7,1.8525190553770774E-5+0.006675448940959322i,1.8525190553770774E-5,0.006675448940959322,-43.510356985182014,-43.509312504000135,-43.52303632539834
1.9034835192736126E7,1.905000140408777E-5+0.006693760469139684i,1.905000140408777E-5,0.006693760469139684,-43.486561476762795,-43.48551980943051,-43.499062678239284
1.903494990925327E7,1.9597449594262334E-5+0.006712593927677535i,1.9597449594262334E-5,0.006712593927677535,-43.46215546851175,-43.46111668051384,-43.47446461359144
1.9035064625770412E7,2.0168856094540406E-5+0.006731971986749573i,2.0168856094540406E-5,0.006731971986749573,-43.4371150161335,-43.43607917156333,-43.44921726229502
1.9035179342287555E7,2.0765639826264407E-5+0.006751918654471332i,2.0765639826264407E-5,0.006751918654471332,-43.41141489370407,-43.41038206275221,-43.423294411464575
1.90352940588047E7,2.138932613552873E-5+0.006772459364255894i,2.138932613552873E-5,0.006772459364255894,-43.3850285228345,-43.38399877387733,-43.3966684121243
1.903540877532184E7,2.2041556923630423E-5+0.006793621095546849i,2.2041556923630423E-5,0.006793621095546849,-43.35792786327552,-43.35690127099661,-43.36931007908467
1.9035523491838988E7,2.2724101115864913E-5+0.006815432480917724i,2.2724101115864913E-5,0.006815432480917724,-43.33008332608581,-43.329059965227984,-43.341188582292716
1.903563820835613E7,2.3438866919584593E-5+0.00683792394312205i,2.3438866919584593E-5,0.00683792394312205,-43.30146365393255,-43.30044360295326,-43.3122713287851
1.9035752924873274E7,2.4187915075401728E-5+0.006861127833811986i,2.4187915075401728E-5,0.006861127833811986,-43.27203580555917,-43.27101914652865,-43.28252383428577
1.9035867641390417E7,2.4973473703725666E-5+0.006885078588214641i,2.4973473703725666E-5,0.006885078588214641,-43.2417648268562,-43.240751644551665,-43.251909583361694
1.903598235790756E7,2.5797954898452675E-5+0.006909812895599529i,2.5797954898452675E-5,0.006909812895599529,-43.21061370969027,-43.20960409058439,-43.22038987692727
1.9036097074424703E7,2.6663973333273303E-5+0.006935369889279938i,2.6663973333273303E-5,0.006935369889279938,-43.17854323482129,-43.17753726911079,-43.187923665735475
1.9036211790941846E7,2.7574367017426203E-5+0.006961791352877463i,2.7574367017426203E-5,0.006961791352877463,-43.14551180421377,-43.14450958736135,-43.154467368323836
1.903632650745899E7,2.8532220434119028E-5+0.0069891219446367794i,2.8532220434119028E-5,0.0069891219446367794,-43.11147526173809,-43.11047689145671,-43.11997467167744
1.903644122397613E7,2.9540890876400236E-5+0.007017409454016386i,2.9540890876400236E-5,0.007017409454016386,-43.076386686028684,-43.07539226513211,-43.08439631267342
1.9036555940493274E7,3.060403782808624E-5+0.007046705078617622i,3.060403782808624E-5,0.007046705078617622,-43.0401961722195,-43.03920580906913,-43.04767983807843
1.903667065701042E7,3.172565588661485E-5+0.007077063725116583i,3.172565588661485E-5,0.007077063725116583,-43.0028505997981,-43.00186439861661,-43.009769340601494
1.9036785373527564E7,3.291011323874587E-5+0.007108544376861454i,3.291011323874587E-5,0.007108544376861454,-42.964293336464515,-42.963311417380964,-42.97060516815618
1.9036900090044707E7,3.4162193025917715E-5+0.007141210443245668i,3.4162193025917715E-5,0.007141210443245668,-42.92446398512424,-42.92348646378838,-42.93012360307033
1.903701480656185E7,3.548714282399202E-5+0.007175130216233823i,3.548714282399202E-5,0.007175130216233823,-42.88329802303728,-42.882325027395865,-42.8882565075524
1.9037129523078993E7,3.689072890810589E-5+0.007210377325238482i,3.689072890810589E-5,0.007210377325238482,-42.84072647023657,-42.83975813117958,-42.844930931166125
1.9037244239596136E7,3.837929940312367E-5+0.0072470312792379515i,3.837929940312367E-5,0.0072470312792379515,-42.796675482663034,-42.79571193555829,-42.80006867545117
1.903735895611328E7,3.995985610700478E-5+0.007285178063453285i,3.995985610700478E-5,0.007285178063453285,-42.75106591502052,-42.75010729924979,-42.75358581009165
1.903747367263042E7,4.164013734260244E-5+0.0073249108209404385i,4.164013734260244E-5,0.0073249108209404385,-42.703812822497504,-42.70285929132295,-42.705392134183285
1.9037588389147565E7,4.3428711947856495E-5+0.007366330591369853i,4.3428711947856495E-5,0.007366330591369853,-42.65482494109669,-42.65387664797072,-42.655390575143024
1.9037703105664708E7,4.533508943319811E-5+0.007409547184804775i,4.533508943319811E-5,0.007409547184804775,-42.604004061728645,-42.60306116649865,-42.603476516615196
1.9037817822181854E7,4.7369846560466286E-5+0.007454680151886117i,4.7369846560466286E-5,0.007454680151886117,-42.551244353878765,-42.55030702783667,-42.549537045320534
1.9037932538698997E7,4.954477401874057E-5+0.007501859880678642i,4.954477401874057E-5,0.007501859880678642,-42.49643161378158,-42.49550003746275,-42.493450105126215
1.903804725521614E7,5.18730473747504E-5+0.007551228849179917i,5.18730473747504E-5,0.007551228849179917,-42.43944241627459,-42.43851677294968,-42.43508354460951
1.9038161971733283E7,5.436942787812965E-5+0.00760294307970802i,5.436942787812965E-5,0.00760294307970802,-42.380143132900756,-42.379223624370006,-42.37429404202934
1.9038276688250426E7,5.7050495251337754E-5+0.007657173749268667i,5.7050495251337754E-5,0.007657173749268667,-42.318388887915006,-42.31747571134379,-42.31092588871644
1.903839140476757E7,5.993492587490099E-5+0.0077141091267637i,5.993492587490099E-5,0.0077141091267637,-42.25402227871143,-42.25311565770216,-42.24480960848548
1.9038506121284712E7,6.304381644073637E-5+0.007773956706582141i,6.304381644073637E-5,0.007773956706582141,-42.186872037686776,-42.185972201206845,-42.17576038640571
1.9038620837801855E7,6.640107160045511E-5+0.007836945751691938i,6.640107160045511E-5,0.007836945751691938,-42.11675142577206,-42.11585861162089,-42.10357627528463
1.9038735554318998E7,7.00338645237421E-5+0.007903330221713816i,7.00338645237421E-5,0.007903330221713816,-42.0434564276332,-42.04257088527352,-42.02803614187318
1.903885027083614E7,7.397318839973565E-5+0.007973392193009033i,7.397318839973565E-5,0.007973392193009033,-41.96676367817365,-41.9658856780221,-41.94889730723091
1.9038964987353288E7,7.825451795210158E-5+0.008047445833743871i,7.825451795210158E-5,0.008047445833743871,-41.88642811122548,-41.8855579308494,-41.86589282619945
1.903907970387043E7,8.291861161776327E-5+0.008125842126207905i,8.291861161776327E-5,0.008125842126207905,-41.80218019492686,-41.80131813285007,-41.77872833922369
1.9039194420387574E7,8.801248296442408E-5+0.008208974390098161i,8.801248296442408E-5,0.008208974390098161,-41.713722789544214,-41.71286915458655,-41.68707841509118
1.9039309136904716E7,9.359059060164747E-5+0.008297284889712625i,9.359059060164747E-5,0.008297284889712625,-41.62072743914201,-41.619882570115,-41.590582284786464
1.903942385342186E7,9.971629609316554E-5+0.008391272643537843i,9.971629609316554E-5,0.008391272643537843,-41.5228301178591,-41.52199436757388,-41.488838843395506
1.9039538569939002E7,1.0646367036339344E-4+0.008491502844097923i,1.0646367036339344E-4,0.008491502844097923,-41.41962618425406,-41.41879992485306,-41.38140076736343
1.9039653286456145E7,1.1391974048983258E-4+0.008598618187374008i,1.1391974048983258E-4,0.008598618187374008,-41.310664468867685,-41.30984809720924,-41.26776755651082
1.903976800297329E7,1.2218730573159445E-4+0.008713352601353223i,1.2218730573159445E-4,0.008713352601353223,-41.195440290338695,-41.19463422574053,-41.147377261184026
1.903988271949043E7,1.313884953732896E-4+0.008836548018700551i,1.313884953732896E-4,0.008836548018700551,-41.073387132043024,-41.072591826438504,-41.01959659106796
1.9039997436007574E7,1.416692963437267E-4+0.008969174947030298i,1.416692963437267E-4,0.008969174947030298,-40.943866727052296,-40.943082655612216,-40.883709018429585
1.904011215252472E7,1.5320537072692207E-4+0.009112357964757747i,1.5320537072692207E-4,0.009112357964757747,-40.80615709454021,-40.805384763619834,-40.73890037736256
1.9040226869041864E7,1.6620959644015395E-4+0.009267407510773002i,1.6620959644015395E-4,0.009267407510773002,-40.659438068640355,-40.658678037375886,-40.584241311857454
1.9040341585559007E7,1.8094193260440798E-4+0.009435859778490336i,1.8094193260440798E-4,0.009435859778490336,-40.50277374370231,-40.50202658327788,-40.41866572420049
1.904045630207615E7,1.9772249064432045E-4+0.009619527512524522i,1.9772249064432045E-4,0.009619527512524522,-40.335090764699274,-40.33435710045292,-40.24094409950396
1.9040571018593293E7,2.169490221225864E-4+0.00982056493056627i,2.169490221225864E-4,0.00982056493056627,-40.15515162132025,-40.154432118447474,-40.049650200359885
1.9040685735110436E7,2.391206447963469E-4+0.010041551907835072i,2.391206447963469E-4,0.010041551907835072,-39.96152121605818,-39.96081659102322,-39.84311908892634
1.904080045162758E7,2.6487046486878854E-4+0.01028560422078732i,2.6487046486878854E-4,0.01028560422078732,-39.75252477707463,-39.75183580068841,-39.61939366908494
1.904091516814472E7,2.9501112660722196E-4+0.010556519826281072i,2.9501112660722196E-4,0.010556519826281072,-39.526194253218264,-39.525521763384376,-39.376155834014355
1.9041029884661864E7,3.3059947588125833E-4+0.010858975564474592i,3.3059947588125833E-4,0.010858975564474592,-39.28019932992518,-39.279544214468395,-39.1106366724398
1.9041144601179007E7,3.730300899188699E-4+0.011198795866416842i,3.730300899188699E-4,0.011198795866416842,-39.01175741043491,-39.01112062423461,-38.81949773609696
1.9041259317696154E7,4.2417334917671767E-4+0.011583325839547402i,4.2417334917671767E-4,0.011583325839547402,-38.71751466233604,-38.716897239187055,-38.498671611156546
1.9041374034213297E7,4.86584009533628E-4+0.012021959076055928i,4.86584009533628E-4,0.012021959076055928,-38.39338633251573,-38.392789383894794,-38.14314413370786
1.904148875073044E7,5.638245393316043E-4+0.012526900059334408i,5.638245393316043E-4,0.012526900059334408,-38.03433862580478,-38.033763353075535,-37.74665107845943
1.9041603467247583E7,6.609812719914058E-4+0.013114291250771556i,6.609812719914058E-4,0.013114291250771556,-37.63408502316109,-37.633532710679845,-37.301246378871156
1.9041718183764726E7,7.855164677650915E-4+0.01380592366793405i,7.855164677650915E-4,0.01380592366793405,-37.184654041878055,-37.18412603702184,-36.796671927831625
1.904183290028187E7,9.487304402339778E-4+0.014631911442882232i,9.487304402339778E-4,0.014631911442882232,-36.67575837858523,-36.675256151303856,-36.21941106161158
1.904194761679901E7,0.0011683863403616332+0.015635016589916822i,0.0011683863403616332,0.015635016589916822,-36.09384781338895,-36.09337288351607,-35.55121924456745
1.9042062333316155E7,0.001473680685903761+0.01687791715328112i,0.001473680685903761,0.01687791715328112,-35.42063899741011,-35.42019287406011,-34.76675449262541
1.9042177049833298E7,0.0019152780273350737+0.018455963703503435i,0.0019152780273350737,0.018455963703503435,-34.630744735150245,-34.63032888524936,-33.82958472129494
1.904229176635044E7,0.0025872131444096926+0.020520664682219733i,0.0025872131444096926,0.020520664682219733,-33.68768000302234,-33.687295734884835,-32.685123405292266
1.9042406482867587E7,0.003679560195750144+0.023325046382635887i,0.003679560195750144,0.023325046382635887,-32.53679608904244,-32.53644412805186,-31.24751212872959
1.904252119938473E7,0.005621599077229588+0.027313863808582035i,0.005621599077229588,0.027313863808582035,-31.09216084840598,-31.091840810378937,-29.374793701784036
1.9042635915901873E7,0.009536582076784516+0.033287765296754375i,0.009536582076784516,0.033287765296754375,-29.21172951077434,-29.21143858643135,-26.830654621533117
1.9042750632419016E7,0.018976893569276714+0.0424037391815708i,0.018976893569276714,0.0424037391815708,-26.659083950832397,-26.658816057939827,-23.38432871166376
1.904286534893616E7,0.04673738976307588+0.05097297920616778i,0.04673738976307588,0.05097297920616778,-23.203333787306043,-23.203096773852124,-20.97484867320539
1.9042980065453302E7,0.09121797704755867+0.005376660608817627i,0.09121797704755867,0.005376660608817627,-20.783328827296934,-20.783324366445704,-24.403788190309093
1.9043094781970445E7,0.04673462273269981-0.040217079529138965i,0.04673462273269981,-0.040217079529138965,-24.20040612807898,-24.200642965130825,-28.87653518415827
1.9043209498487588E7,0.01897459032442618-0.0316461143081268i,0.01897459032442618,-0.0316461143081268,-28.659786449632755,-28.660079471358586,-32.46136952942
1.904332421500473E7,0.009534831000189335-0.022529533877878857i,0.009534831000189335,-0.022529533877878857,-32.229409980766725,-32.2297685883718,-35.396945508304164
1.9043438931521874E7,0.005620217741762616-0.016555377494158276i,0.005620217741762616,-0.016555377494158276,-35.14750917702831,-35.14795882093573,-37.928449230715174
1.9043553648039017E7,0.0036784280436277027-0.012566433072386939i,0.0036784280436277027,-0.012566433072386939,-37.65872457931909,-37.659289775106956,-40.20819452424821
1.9043668364556164E7,0.0025862569342973087-0.009761979685427514i,0.0025862569342973087,-0.009761979685427514,-39.914638176904255,-39.91534489902534,-42.33456526071205
1.9043783081073307E7,0.0019144517558298676-0.007697234774276824i,0.0019144517558298676,-0.007697234774276824,-42.01262720440916,-42.01350598876046,-44.377836551955376
1.904389779759045E7,0.0014729538187258267-0.006119159154201243i,0.0014729538187258267,-0.006119159154201243,-44.02154573005688,-44.022634071750716,-46.394805578570626
1.9044012514107592E7,0.0011677378495737818-0.004876238475564077i,0.0011677378495737818,-0.004876238475564077,-45.99612038968232,-45.997467076197616,-48.43826872775847
1.9044127230624735E7,9.481452674410013E-4-0.003873118921684052i,9.481452674410013E-4,-0.003873118921684052,-47.98602066371777,-47.98769153632161,-50.56505283413518
1.904424194714188E7,7.84983451427745E-4-0.0030471204043355147i,7.84983451427745E-4,-0.0030471204043355147,-50.04314720645887,-50.04523415091587,-52.84550320554709
1.904435666365902E7,6.604919368426273E-4-0.0023554797392810727i,6.604919368426273E-4,-0.0023554797392810727,-52.229696322300036,-52.23233288286808,-55.378142148335385
1.9044471380176164E7,5.633723250390154E-4-0.0017680821768935589i,5.633723250390154E-4,-0.0017680821768935589,-54.629995392538575,-54.633383580916245,-58.31554351384714
1.9044586096693307E7,4.8616371268389786E-4-0.0012631361326184455i,4.8616371268389786E-4,-0.0012631361326184455,-57.371058130740735,-57.37551014490173,-61.903273833408754
1.904470081321045E7,4.237807777089471E-4-8.244987687370221E-4i,4.237807777089471E-4,-8.244987687370221E-4,-60.65810529280348,-60.66406166510906,-66.37874351988054
1.9044815529727597E7,3.726618321133038E-4-4.3996544528415965E-4i,3.726618321133038E-4,-4.3996544528415965E-4,-64.78278320958195,-64.79020020814755,-69.79231154625258
1.904493024624474E7,3.302527037215438E-4-1.0014233777697243E-4i,3.302527037215438E-4,-1.0014233777697243E-4,-69.24105245505514,-69.2421150611853,-67.36757748995521
1.9045044962761883E7,2.946834818730938E-4+2.0231573521964922E-4i,2.946834818730938E-4,2.0231573521964922E-4,-68.93571067115946,-68.92048122829127,-63.924026442209
1.9045159679279026E7,2.64559953690898E-4+4.732333214439424E-4i,2.64559953690898E-4,4.732333214439424E-4,-65.31738731022574,-65.30445937101925,-61.382844125735154
1.904527439579617E7,2.388255681354307E-4+7.172873370491557E-4i,2.388255681354307E-4,7.172873370491557E-4,-62.429542996830975,-62.41997221593976,-59.512042770512736
1.904538911231331E7,2.1666792260803687E-4+9.382757749374082E-4i,2.1666792260803687E-4,9.382757749374082E-4,-60.32776734157614,-60.32023878614179,-58.0756938084063
1.9045503828830454E7,1.974541060886188E-4+0.0011393144695285185i,1.974541060886188E-4,0.0011393144695285185,-58.73860282269965,-58.73235376822623,-56.932105942712646
1.9045618545347597E7,1.8068516575001463E-4+0.0013229833087625281i,1.8068516575001463E-4,0.0013229833087625281,-57.48865228925222,-57.48326240860499,-55.995568211116655
1.904573326186474E7,1.6596348456308894E-4+0.0014914365531619258i,1.6596348456308894E-4,0.0014914365531619258,-56.4744571698853,-56.46967900707246,-55.211577786792944
1.9045847978381883E7,1.5296906774028848E-4+0.0016464869445562908i,1.5296906774028848E-4,0.0016464869445562908,-55.63150852414422,-55.62718617592143,-54.54375255669848
1.904596269489903E7,1.41442050282208E-4+0.0017896707286435157i,1.41442050282208E-4,0.0017896707286435157,-54.917495082589944,-54.913524743163116,-53.96678187376484
1.9046077411416173E7,1.311696397197614E-4+0.0019222983260221776i,1.311696397197614E-4,0.0019222983260221776,-54.30340986124467,-54.299719125077004,-53.46244171532297
1.9046192127933316E7,1.2197624289537245E-4+0.0020454943548290543i,1.2197624289537245E-4,0.0020454943548290543,-53.768618453570866,-53.76515507037564,-53.01722934552831
1.904630684445046E7,1.1371593567990818E-4+0.002160229313460224i,1.1371593567990818E-4,0.002160229313460224,-53.29798506548575,-53.29470999088539,-52.62089641329413
1.90464215609676E7,1.0626664158588718E-4+0.0022673451479172874i,1.0626664158588718E-4,0.0022673451479172874,-52.8801178639508,-52.87700128090947,-52.26550387046138
1.9046536277484745E7,9.952560800439369E-5+0.0023675757901118004i,9.952560800439369E-5,0.0023675757901118004,-52.50625453336455,-52.50327312907792,-51.944792658010755
1.9046650994001888E7,9.340584814956961E-5+0.002461563946268783i,9.340584814956961E-5,0.002461563946268783,-52.169528737866926,-52.166663982496935,-51.6537524916209
1.904676571051903E7,8.783332696101054E-5+0.0025498748124221145i,8.783332696101054E-5,0.0025498748124221145,-51.86447281363597,-51.861709716693426,-51.3883189223516
1.9046880427036174E7,8.274471424238725E-5+0.002633007414422644i,8.274471424238725E-5,0.002633007414422644,-51.586671429664776,-51.583997696101,-51.14515580289853
1.9046995143553317E7,7.808557979432688E-5+0.002711404012881073i,7.808557979432688E-5,0.002711404012881073,-51.33251485475029,-51.32992029393928,-50.92149603243941
1.9047109860070463E7,7.380893421153559E-5+0.0027854579428643286i,7.380893421153559E-5,0.0027854579428643286,-51.09901959795641,-51.09649568141184,-50.71502294616038
1.9047224576587606E7,6.987404251107465E-5+0.002855520167431613i,6.987404251107465E-5,0.002855520167431613,-50.88369571040666,-50.881235165302236,-50.523780609312475
1.904733929310475E7,6.62454486651177E-5+0.0029219048778365976i,6.62454486651177E-5,0.0029219048778365976,-50.684446744650764,-50.68204339720795,-50.34610502868972
1.9047454009621892E7,6.289217787483526E-5+0.0029848941425638666i,6.289217787483526E-5,0.0029848941425638666,-50.49949369651995,-50.497142222962374,-50.18057074226091
1.9047568726139035E7,5.9787072756613345E-5+0.0030447419284411878i,5.9787072756613345E-5,0.0030447419284411878,-50.32731601677688,-50.3250118139447,-50.02594887686318
1.9047683442656178E7,5.690624358165562E-5+0.0031016774917081882i,5.690624358165562E-5,0.0031016774917081882,-50.16660559958363,-50.16434462084465,-49.88117386992098
1.904779815917332E7,5.422860603339793E-5+0.0031559083432402854i,5.422860603339793E-5,0.0031559083432402854,-50.01623025013441,-50.01400896999272,-49.74531681480371
1.9047912875690464E7,5.173549657977767E-5+0.003207622734113708i,5.173549657977767E-5,0.003207622734113708,-49.87520470626502,-49.87302000061543,-49.61756392539974
1.9048027592207607E7,4.941034550089281E-5+0.003256991859500641i,4.941034550089281E-5,0.003256991859500641,-49.74266714403076,-49.740516253810085,-49.497198996873486
1.904814230872475E7,4.723840197734791E-5+0.003304171730974348i,4.723840197734791E-5,0.003304171730974348,-49.61786019990896,-49.615740657964274,-49.38358901496794
1.9048257025241897E7,4.5206499197482566E-5+0.0033493048331008483i,4.5206499197482566E-5,0.0033493048331008483,-49.50011536652566,-49.49802496684881,-49.27617226723722
1.904837174175904E7,4.3302854861612996E-5+0.0033925215513930383i,4.3302854861612996E-5,0.0033925215513930383,-49.38884017824077,-49.38677693321093,-49.17444845834215
1.9048486458276182E7,4.151689967506201E-5+0.0034339414394383007i,4.151689967506201E-5,0.0034339414394383007,-49.28350753630748,-49.28146966732538,-49.07797044238259
1.9048601174793325E7,3.983913113267506E-5+0.003473674306656203i,3.983913113267506E-5,0.003473674306656203,-49.18364686078096,-49.18163275427037,-48.986337269177724
1.904871589131047E7,3.8260986676891526E-5+0.0035118211957150215i,3.8260986676891526E-5,0.0035118211957150215,-49.08883661272256,-49.086844796700106,-48.899188305044525
1.904883060782761E7,3.6774733979738245E-5+0.003548475248170231i,3.6774733979738245E-5,0.003548475248170231,-48.99869797624841,-48.996727120807044,-48.81619823754073
1.9048945324344754E7,3.537337669694139E-5+0.0035837224491129535i,3.537337669694139E-5,0.0035837224491129535,-48.912889551583156,-48.91093843733415,-48.73707281173612
1.9049060040861897E7,3.4050571732898425E-5+0.0036176423079569814i,3.4050571732898425E-5,0.0036176423079569814,-48.83110278295045,-48.829170291269946,-48.66154517494027
1.904917475737904E7,3.280055724004212E-5+0.0036503084605981986i,3.280055724004212E-5,0.0036503084605981986,-48.75305805252662,-48.7511431664817,-48.58937273018918
1.9049289473896183E7,3.161809044995995E-5+0.003681789186447783i,3.161809044995995E-5,0.003681789186447783,-48.67850136896464,-48.67660313696389,-48.520334417133284
1.904940419041333E7,3.0498391606018722E-5+0.003712147912115504i,3.0498391606018722E-5,0.003712147912115504,-48.60720141061232,-48.60531897659521,-48.45422835358862
1.9049518906930473E7,2.943709686590671E-5+0.0037414436047325055i,2.943709686590671E-5,0.0037414436047325055,-48.53894709847995,-48.53707965521518,-48.39086978275763
1.9049633623447616E7,2.8430214796227453E-5+0.003769731179421462i,2.8430214796227453E-5,0.003769731179421462,-48.47354535874409,-48.471692161654914,-48.3300892805599
1.904974833996476E7,2.7474089121764603E-5+0.003797061835142022i,2.7474089121764603E-5,0.003797061835142022,-48.4108192410494,-48.40897960463281,-48.27173118516389
1.90498630564819E7,2.6565365650415176E-5+0.0038234833594319307i,2.6565365650415176E-5,0.0038234833594319307,-48.350606265946,-48.348779550669285,-48.21565221701202
1.9049977772999045E7,2.570096275428906E-5+0.0038490404097667936i,2.570096275428906E-5,0.0038490404097667936,-48.29275695928716,-48.29094256503011,-48.16172026276633
1.9050092489516187E7,2.487804501113486E-5+0.003873774771742641i,2.487804501113486E-5,0.003873774771742641,-48.23713355300458,-48.23533092710888,-48.10981330075088
1.905020720603333E7,2.4094000211306653E-5+0.0038977255791064033i,2.4094000211306653E-5,0.0038977255791064033,-48.18360886856826,-48.1818174962587,-48.05981844892591
1.9050321922550473E7,2.3346418704831755E-5+0.003920929517654125i,2.3346418704831755E-5,0.003920929517654125,-48.13206531846376,-48.13028470777161,-48.011631119312085
1.9050436639067616E7,2.2633074382352533E-5+0.003943421027969747i,2.2633074382352533E-5,0.003943421027969747,-48.082393981108396,-48.08062368181957,-47.96515426515295
1.9050551355584763E7,2.1951908622915843E-5+0.003965232459413346i,2.1951908622915843E-5,0.003965232459413346,-48.034493844741064,-48.032733430677084,-47.920297709089006
1.9050666072101906E7,2.1301015245209075E-5+0.003986394231937399i,2.1301015245209075E-5,0.003986394231937399,-47.9882710856564,-47.986520151788525,-47.876977542313185
1.905078078861905E7,2.0678626976736433E-5+0.00400693498307084i,2.0678626976736433E-5,0.00400693498307084,-47.94363842455189,-47.941896595914656,-47.83511558603596
1.905089550513619E7,2.008310369992576E-5+0.004026881689962197i,2.008310369992576E-5,0.004026881689962197,-47.90051457642123,-47.89878150120152,-47.79463890785141
1.9051010221653335E7,1.951292162727995E-5+0.004046259787929926i,1.951292162727995E-5,0.004046259787929926,-47.858823741707546,-47.85709908522405,-47.75547938651499
1.9051124938170478E7,1.896666341524569E-5+0.004065093283162561i,1.896666341524569E-5,0.004065093283162561,-47.81849513981609,-47.816778588168745,-47.717573319560664
1.905123965468762E7,1.844300953126155E-5+0.004083404845849076i,1.844300953126155E-5,0.004083404845849076,-47.77946261055939,-47.777753861201546,-47.680861068899105
1.9051354371204764E7,1.7940729998372187E-5+0.0041012159114246684i,1.7940729998372187E-5,0.0041012159114246684,-47.74166422086136,-47.73996299488608,-47.645286740144186
1.9051469087721907E7,1.7458677505404725E-5+0.004118546752563905i,1.7458677505404725E-5,0.004118546752563905,-47.70504195370254,-47.703347983134925,-47.610797891972034
1.905158380423905E7,1.699578064440698E-5+0.004135416563446718i,1.699578064440698E-5,0.004135416563446718,-47.669541388235636,-47.66785441879128,-47.577345272263614
1.9051698520756196E7,1.6551037970132976E-5+0.004151843530548258i,1.6551037970132976E-5,0.004151843530548258,-47.63511142396213,-47.63343121739381,-47.544882578190695
1.905181323727334E7,1.6123512692414935E-5+0.004167844893949206i,1.6123512692414935E-5,0.004167844893949206,-47.601704038317514,-47.60003036612695,-47.5133662377275
1.9051927953790482E7,1.5712327615858726E-5+0.0041834370123481944i,1.5712327615858726E-5,0.0041834370123481944,-47.569274048465275,-47.56760669528112,-47.48275521037841
1.9052042670307625E7,1.531666075281823E-5+0.004198635414918715i,1.531666075281823E-5,0.004198635414918715,-47.53777891123722,-47.536117669923534,-47.453010805186565
1.9052157386824768E7,1.4935741075594318E-5+0.0042134548578685645i,1.4935741075594318E-5,0.0042134548578685645,-47.50717852271517,-47.50552319969431,-47.42409651427664
1.905227210334191E7,1.4568844972082563E-5+0.004227909364630482i,1.4568844972082563E-5,0.004227909364630482,-47.477435060115,-47.475785464915994,-47.39597786040211
1.9052386819859054E7,1.4215292508276054E-5+0.0042420122814763326i,1.4215292508276054E-5,0.0042420122814763326,-47.44851279931108,-47.4468687574,-47.36862225715478
1.9052501536376197E7,1.3874444606295161E-5+0.004255776305848111i,1.3874444606295161E-5,0.004255776305848111,-47.42037799523245,-47.41873933450912,-47.34199888058949
1.905261625289334E7,1.3545699904656174E-5+0.0042692135348198065i,1.3545699904656174E-5,0.0042692135348198065,-47.39299872680903,-47.39136528521247,-47.31607855122199
1.9052730969410483E7,1.3228492191108477E-5+0.004282335496864038i,1.3228492191108477E-5,0.004282335496864038,-47.36634478156717,-47.36471640698505,-47.29083362540478
1.905284568592763E7,1.2922288071085765E-5+0.004295153180693628i,1.2922288071085765E-5,0.004295153180693628,-47.3403875508237,-47.33876409253833,-47.266237895237346
1.9052960402444772E7,1.2626584532485705E-5+0.004307677073920249i,1.2626584532485705E-5,0.004307677073920249,-47.31509990927741,-47.31348122548483,-47.24226649622763
1.9053075118961915E7,1.2340906995481149E-5+0.004319917186972005i,1.2340906995481149E-5,0.004319917186972005,-47.2904561284205,-47.28884208410279,-47.21889582200896
1.905318983547906E7,1.2064807403193149E-5+0.004331883079907198i,1.2064807403193149E-5,0.004331883079907198,-47.26643178749057,-47.26482225249591,-47.19610344549804
1.90533045519962E7,1.179786245306581E-5+0.004343583888158534i,1.179786245306581E-5,0.004343583888158534,-47.243003689735865,-47.2413985384788,-47.17386804592608
1.9053419268513344E7,1.1539671917506413E-5+0.004355028348054231i,1.1539671917506413E-5,0.004355028348054231,-47.22014978201556,-47.21854889759924,-47.152169341237105
1.9053533985030487E7,1.1289857290996298E-5+0.00436622481218378i,1.1289857290996298E-5,0.00436622481218378,-47.19784909725787,-47.19625236277311,-47.13098802539826
1.905364870154763E7,1.104806021672513E-5+0.00437718127819209i,1.104806021672513E-5,0.00437718127819209,-47.176081672421375,-47.174488979050736,-47.11030571021087
1.9053763418064773E7,1.0813941345707155E-5+0.004387905401250472i,1.0813941345707155E-5,0.004387905401250472,-47.15482850114461,-47.15323974307573,-47.09010487124827
1.9053878134581916E7,1.0587179085548375E-5+0.004398404514848304i,1.0587179085548375E-5,0.004398404514848304,-47.13407147169885,-47.13248654685657,-47.070368797576364
1.9053992851099063E7,1.0367468492399188E-5+0.004408685647483206i,1.0367468492399188E-5,0.004408685647483206,-47.11379331485962,-47.11221212548853,-47.051081544960844
1.9054107567616206E7,1.0154520271570629E-5+0.004418755537493617i,1.0154520271570629E-5,0.004418755537493617,-47.09397755702152,-47.09240000850735,-47.0322278922762
1.905422228413335E7,9.948059794163416E-6+0.004428620649195144i,9.948059794163416E-6,0.004428620649195144,-47.07460847218509,-47.07303447457864,-47.01379330085594
1.905433700065049E7,9.747826236356515E-6+0.004438287185323017i,9.747826236356515E-6,0.004438287185323017,-47.05567104253328,-47.054100509267876,-46.995763876573086
1.9054451717167635E7,9.553571774177289E-6+0.004447761099789625i,9.553571774177289E-6,0.004447761099789625,-47.03715091956481,-47.035583765639345,-46.97812633441675
1.9054566433684777E7,9.365060751002782E-6+0.0044570481123575745i,9.365060751002782E-6,0.0044570481123575745,-47.01903438259411,-47.01747052746832,-46.96086796539249
1.905468115020192E7,9.182069036481834E-6+0.004466153717358687i,9.182069036481834E-6,0.004466153717358687,-47.001308309899656,-46.99974767486783,-46.94397660555913
1.9054795866719063E7,9.00438329175109E-6+0.004475083197393217i,9.00438329175109E-6,0.004475083197393217,-46.98396014106412,-46.98240265214447,-46.92744060704996
1.9054910583236206E7,8.831800434824745E-6+0.004483841629554606i,8.831800434824745E-6,0.004483841629554606,-46.96697785470742,-46.965423437714584,-46.911248810923624
1.905502529975335E7,8.664126956050928E-6+0.004492433900201756i,8.664126956050928E-6,0.004492433900201756,-46.95034993038115,-46.948798515933355,-46.89539052171828
1.9055140016270496E7,8.501178473174403E-6+0.0045008647092072964i,8.501178473174403E-6,0.0045008647092072964,-46.93406533160054,-46.932516850688074,-46.87985548358007
1.905525473278764E7,8.342779145062422E-6+0.004509138582527817i,8.342779145062422E-6,0.004509138582527817,-46.91811347339679,-46.916567860636256,-46.86463385785664
1.905536944930478E7,8.18876124088591E-6+0.004517259878283998i,8.18876124088591E-6,0.004517259878283998,-46.902484203037446,-46.9009413959645,-46.84971620204911
1.9055484165821925E7,8.038964699808408E-6+0.004525232794083844i,8.038964699808408E-6,0.004525232794083844,-46.88716777887369,-46.88562771655964,-46.83509345002896
1.9055598882339068E7,7.893236707699196E-6+0.0045330613746587195i,7.893236707699196E-6,0.0045330613746587195,-46.872154849094215,-46.87061747149737,-46.820756893430556
1.905571359885621E7,7.75143129404712E-6+0.004540749519613833i,7.75143129404712E-6,0.004540749519613833,-46.857436430740904,-46.85590167975256,-46.80669816414101
1.9055828315373354E7,7.61340895225233E-6+0.004548300990525718i,7.61340895225233E-6,0.004548300990525718,-46.843003890425265,-46.84147171204803,-46.79290921780685
1.9055943031890497E7,7.479036373629954E-6+0.004555719413082472i,7.479036373629954E-6,0.004555719413082472,-46.82884893490951,-46.82731927376325,-46.77938231829674
1.905605774840764E7,7.3481860170276385E-6+0.00456300828864821i,7.3481860170276385E-6,0.00456300828864821,-46.814963584047106,-46.81343638883452,-46.76611002305002
1.9056172464924783E7,7.220735894575379E-6+0.004570170995226384i,7.220735894575379E-6,0.004570170995226384,-46.801340164320955,-46.79981538457416,-46.75308516925462
1.9056287181441925E7,7.096569250919078E-6+0.004577210794412164i,7.096569250919078E-6,0.004577210794412164,-46.78797129125343,-46.7864488773538,-46.740300860801
1.9056401897959072E7,6.975574287220826E-6+0.004584130836996373i,6.975574287220826E-6,0.004584130836996373,-46.77484985469818,-46.77332975909217,-46.72775045595964
1.9056516614476215E7,6.857643923579308E-6+0.004590934167013052i,6.857643923579308E-6,0.004590934167013052,-46.76196900736134,-46.76045118449527,-46.715427555739794
1.9056631330993358E7,6.742675568827944E-6+0.0045976237256323904i,6.742675568827944E-6,0.0045976237256323904,-46.74932215385779,-46.747806558998654,-46.70332599287753
1.90567460475105E7,6.630570884979879E-6+0.004604202356295298i,6.630570884979879E-6,0.004604202356295298,-46.73690293765206,-46.73538952737138,-46.691439821423
1.9056860764027644E7,6.521235588649018E-6+0.004610672807924822i,6.521235588649018E-6,0.004610672807924822,-46.724705231856206,-46.72319396293538,-46.679763306885064
1.9056975480544787E7,6.414579220134969E-6+0.0046170377409630306i,6.414579220134969E-6,0.0046170377409630306,-46.71272312490325,-46.71121395736474,-46.66829091689591
1.905709019706193E7,6.310515006691128E-6+0.004623299727747728i,6.310515006691128E-6,0.004623299727747728,-46.700950917078366,-46.69944381102579,-46.657017312371416
1.9057204913579073E7,6.208959647959126E-6+0.0046294612585258i,6.208959647959126E-6,0.0046294612585258,-46.6893831066012,-46.687878023828034,-46.645937339125766
1.9057319630096216E7,6.109833179970278E-6+0.004635524742735695i,6.109833179970278E-6,0.004635524742735695,-46.678014384775864,-46.67651128655157,-46.63504601992613
1.905743434661336E7,6.013058766653676E-6+0.0046414925154030845i,6.013058766653676E-6,0.0046414925154030845,-46.66683962169636,-46.665338472625,-46.624338546949566
1.9057549063130505E7,5.918562618722572E-6+0.004647366835973793i,5.918562618722572E-6,0.004647366835973793,-46.655853866276296,-46.654354630323695,-46.61381027462487
1.905766377964765E7,5.826273803483102E-6+0.004653149894181177i,5.826273803483102E-6,0.004653149894181177,-46.64505233322242,-46.64355497536911,-46.603456712836426
1.905777849616479E7,5.736124115818196E-6+0.00465884381261457i,5.736124115818196E-6,0.00465884381261457,-46.63443039632577,-46.63293488389584,-46.593273520463605
1.9057893212681934E7,5.6480479903860156E-6+0.004664450646935444i,5.6480479903860156E-6,0.004664450646935444,-46.623983586247135,-46.62248988577406,-46.58325649924279
1.9058007929199077E7,5.5619823315183704E-6+0.004669972391448644i,5.5619823315183704E-6,0.004669972391448644,-46.61370757841975,-46.61221565826491,-46.57340158793119
1.905812264571622E7,5.477866436827777E-6+0.0046754109793332695i,5.477866436827777E-6,0.0046754109793332695,-46.60359819101613,-46.602108019983575,-46.5637048567531
1.9058237362233363E7,5.395641869234403E-6+0.004680768286233877i,5.395641869234403E-6,0.004680768286233877,-46.593651376747054,-46.59216292516029,-46.55416250211567
1.9058352078750506E7,5.315252375668059E-6+0.004686046130919014i,5.315252375668059E-6,0.004686046130919014,-46.58386322020281,-46.58237645817905,-46.54477084157689
1.905846679526765E7,5.2366437735224764E-6+0.004691246278782746i,5.2366437735224764E-6,0.004691246278782746,-46.57422992999579,-46.57274482837685,-46.53552630905488
1.9058581511784792E7,5.159763852149008E-6+0.004696370444106542i,5.159763852149008E-6,0.004696370444106542,-46.56474783329231,-46.56326436509141,-46.526425450259914
1.905869622830194E7,5.084562321334204E-6+0.00470142028965971i,5.084562321334204E-6,0.00470142028965971,-46.55541337533835,-46.5539315129446,-46.517464918343194
1.905881094481908E7,5.010990697248127E-6+0.0047063974306966435i,5.010990697248127E-6,0.0047063974306966435,-46.54622311091292,-46.54474282734398,-46.50864146974594
1.9058925661336225E7,4.939002226675681E-6+0.004711303436456528i,4.939002226675681E-6,0.004711303436456528,-46.537173700476934,-46.53569497019504,-46.4999519602395
1.9059040377853367E7,4.868551829730237E-6+0.004716139830752065i,4.868551829730237E-6,0.004716139830752065,-46.52826190805803,-46.52678470581254,-46.491393341148
1.905915509437051E7,4.79959602199325E-6+0.004720908094013131i,4.79959602199325E-6,0.004720908094013131,-46.519484596503844,-46.51800889701661,-46.482962655740295
1.9059269810887653E7,4.732092830114722E-6+0.004725609665946506i,4.732092830114722E-6,0.004725609665946506,-46.5108387216624,-46.50936450140811,-46.47465703578615
1.9059384527404796E7,4.666001755411164E-6+0.004730245945217448i,4.666001755411164E-6,0.004730245945217448,-46.5023213320941,-46.500848567811,-46.466473698265446
1.905949924392194E7,4.601283699688401E-6+0.004734818291709063i,4.601283699688401E-6,0.004734818291709063,-46.49392956408356,-46.49245823287525,-46.458409942222715
1.9059613960439082E7,4.5379009165663615E-6+0.0047393280272303275i,4.5379009165663615E-6,0.0047393280272303275,-46.485660639549124,-46.48419071782836,-46.45046314576155
1.9059728676956225E7,4.475816917697913E-6+0.004743776439490835i,4.475816917697913E-6,0.004743776439490835,-46.47751185800692,-46.47604332537297,-46.44263076316936
1.9059843393473372E7,4.41499648948232E-6+0.004748164778523333i,4.41499648948232E-6,0.004748164778523333,-46.46948060241768,-46.46801343671736,-46.434910322166786
1.9059958109990515E7,4.355405580584438E-6+0.004752494262283116i,4.355405580584438E-6,0.004752494262283116,-46.461564328250674,-46.460098508737815,-46.427299421276174
1.9060072826507658E7,4.297011285501923E-6+0.004756766075473444i,4.297011285501923E-6,0.004756766075473444,-46.45376056499689,-46.452296071260825,-46.419795727301945
1.90601875430248E7,4.23978178803895E-6+0.004760981371595896i,4.23978178803895E-6,0.004760981371595896,-46.44606691180926,-46.444603724463754,-46.4123969729183
1.9060302259541944E7,4.183686338659257E-6+0.00476514127230564i,4.183686338659257E-6,0.00476514127230564,-46.43848103809677,-46.43701913638424,-46.40510095435795
1.9060416976059087E7,4.1286951670110935E-6+0.00476924687198843i,4.1286951670110935E-6,0.00476924687198843,-46.431000674622425,-46.429540040536175,-46.397905529199186
1.906053169257623E7,4.074779499962194E-6+0.004773299234277328i,4.074779499962194E-6,0.004773299234277328,-46.423623619330286,-46.42216423362559,-46.39080861424279
1.9060646409093373E7,4.021911475255135E-6+0.004777299396795415i,4.021911475255135E-6,0.004777299396795415,-46.416347728201835,-46.41488957335984,-46.38380818347753
1.9060761125610515E7,3.970064144362787E-6+0.004781248369071353i,3.970064144362787E-6,0.004781248369071353,-46.409170918575136,-46.40771397634977,-46.37690226613042
1.906087584212766E7,3.919211406975302E-6+0.004785147135620582i,3.919211406975302E-6,0.004785147135620582,-46.402091163084734,-46.40063541609645,-46.37008894479305
1.9060990558644805E7,3.869327997710012E-6+0.004788996655569175i,3.869327997710012E-6,0.004788996655569175,-46.39510648991454,-46.39365192105967,-46.36336635362696
1.9061105275161948E7,3.820389445117578E-6+0.0047927978638811685i,3.820389445117578E-6,0.0047927978638811685,-46.388214980155794,-46.386761572807316,-46.35673267663995
1.906121999167909E7,3.7723720480561336E-6+0.004796551671755302i,3.7723720480561336E-6,0.004796551671755302,-46.381414766693105,-46.3799625042348,-46.35018614602946
1.9061334708196234E7,3.7252528354764817E-6+0.004800258968391071i,3.7252528354764817E-6,0.004800258968391071,-46.374704030629054,-46.37325289786026,-46.34372504059457
1.9061449424713377E7,3.679009565873074E-6+0.00480392061937851i,3.679009565873074E-6,0.00480392061937851,-46.36808100384013,-46.366630984183566,-46.33734768420794
1.906156414123052E7,3.6336206579959067E-6+0.004807537470827583i,3.6336206579959067E-6,0.004807537470827583,-46.361543961161146,-46.3600950401125,-46.33105244434937
1.9061678857747663E7,3.5890652150752362E-6+0.004811110346231814i,3.5890652150752362E-6,0.004811110346231814,-46.35509122573153,-46.35364338745021,-46.324837730694945
1.9061793574264806E7,3.545322956344215E-6+0.004814640050484541i,3.545322956344215E-6,0.004814640050484541,-46.34872116142301,-46.34727439143988,-46.31870199376153
1.906190829078195E7,3.502374220767417E-6+0.004818127368417072i,3.502374220767417E-6,0.004818127368417072,-46.342432175184676,-46.340986459367635,-46.31264372360274
1.906202300729909E7,3.460199935796398E-6+0.00482157306612135i,3.460199935796398E-6,0.00482157306612135,-46.33622271436951,-46.334778039218065,-46.30666144855457
1.906213772381624E7,3.4187816143702027E-6+0.004824977890101644i,3.4187816143702027E-6,0.004824977890101644,-46.33009126798818,-46.32864761838113,-46.3007537340289
1.906225244033338E7,3.378101289323665E-6+0.0048283425712873345i,3.378101289323665E-6,0.0048283425712873345,-46.32403635922011,-46.32259372240913,-46.294919181353
1.9062367156850524E7,3.3381415476928784E-6+0.004831667821514985i,3.3381415476928784E-6,0.004831667821514985,-46.3180565515005,-46.31661491381847,-46.28915642664975
1.9062481873367667E7,3.298885475843908E-6+0.004834954336680079i,3.298885475843908E-6,0.004834954336680079,-46.31215044260679,-46.31070979093784,-46.283464139763375
1.906259658988481E7,3.260316652524783E-6+0.004838202796522642i,3.260316652524783E-6,0.004838202796522642,-46.306316664818716,-46.304876986798945,-46.277841023220994
1.9062711306401953E7,3.2224191386402964E-6+0.004841413864458349i,3.2224191386402964E-6,0.004841413864458349,-46.30055388500179,-46.299115168068795,-46.27228581123585
1.9062826022919096E7,3.185177452278245E-6+0.004844588188805558i,3.185177452278245E-6,0.004844588188805558,-46.29486080219345,-46.293423034019334,-46.26679726874359
1.906294073943624E7,3.1485765552945117E-6+0.004847726402862008i,3.1485765552945117E-6,0.004847726402862008,-46.289236147265115,-46.28779931553686,-46.261374190475884
1.9063055455953382E7,3.1126018349365827E-6+0.00485082912583939i,3.1126018349365827E-6,0.00485082912583939,-46.28367868105463,-46.282242774166306,-46.256015400066126
1.9063170172470525E7,3.077239096762748E-6+0.004853896962439664i,3.077239096762748E-6,0.004853896962439664,-46.27818719494109,-46.27675220119025,-46.25071974918811
1.906328488898767E7,3.042474542136064E-6+0.004856930504045931i,3.042474542136064E-6,0.004856930504045931,-46.272760508534915,-46.271326416740706,-46.24548611672411
1.9063399605504815E7,3.0082947633616854E-6+0.004859930328465114i,3.0082947633616854E-6,0.004859930328465114,-46.267397469969104,-46.265964268943485,-46.24031340796421
1.9063514322021957E7,2.9746867238348876E-6+0.004862897000700231i,2.9746867238348876E-6,0.004862897000700231,-46.26209695435474,-46.260664633091125,-46.235200553831355
1.90636290385391E7,2.94163774909091E-6+0.004865831073185493i,2.94163774909091E-6,0.004865831073185493,-46.256857863204985,-46.25542641084664,-46.230146510135896
1.9063743755056243E7,2.9091355115234816E-6+0.004868733086302462i,2.9091355115234816E-6,0.004868733086302462,-46.251679123363616,-46.250248529474696,-46.225150256854654
1.9063858471573386E7,2.877168024465615E-6+0.004871603568380725i,2.877168024465615E-6,0.004871603568380725,-46.24655968686007,-46.24512994109911,-46.2202107974357
1.906397318809053E7,2.8457236241210104E-6+0.004874443036425945i,2.8457236241210104E-6,0.004874443036425945,-46.24149852947241,-46.24006962198618,-46.21532715812572
1.9064087904607672E7,2.8147909702197002E-6+0.004877251995623229i,2.8147909702197002E-6,0.004877251995623229,-46.23649465147967,-46.23506657185337,-46.21049838732229
1.9064202621124815E7,2.784359020655861E-6+0.00488003094088375i,2.784359020655861E-6,0.00488003094088375,-46.23154707477803,-46.23011981320059,-46.205723554946346
1.906431733764196E7,2.7544170313061345E-6+0.004882780356315419i,2.7544170313061345E-6,0.004882780356315419,-46.22665484370277,-46.225228390664924,-46.20100175183718
1.9064432054159105E7,2.7249545445861972E-6+0.004885500715649435i,2.7249545445861972E-6,0.004885500715649435,-46.22181702415084,-46.220391370397316,-46.19633208916699
1.9064546770676248E7,2.6959613855043943E-6+0.004888192482137937i,2.6959613855043943E-6,0.004888192482137937,-46.21703270364901,-46.215607839459366,-46.191713697875386
1.906466148719339E7,2.667427638214991E-6+0.004890856110031038i,2.667427638214991E-6,0.004890856110031038,-46.21230098861954,-46.210876905241626,-46.1871457281223
1.9064776203710534E7,2.639343656202524E-6+0.004893492043187253i,2.639343656202524E-6,0.004893492043187253,-46.207621006745484,-46.20619769489945,-46.18262734875905
1.9064890920227677E7,2.611700038901897E-6+0.004896100716765901i,2.611700038901897E-6,0.004896100716765901,-46.20299190386327,-46.20156935480952,-46.17815774681744
1.906500563674482E7,2.5844876309326017E-6+0.004898682556728686i,2.5844876309326017E-6,0.004898682556728686,-46.19841284475208,-46.196991050042875,-46.173736127014735
1.9065120353261963E7,2.5576975162987095E-6+0.00490123797992703i,2.5576975162987095E-6,0.00490123797992703,-46.19388301288487,-46.192461963855315,-46.16936171127481
1.9065235069779105E7,2.5313210059867532E-6+0.004903767394974389i,2.5313210059867532E-6,0.004903767394974389,-46.189401608791925,-46.187981297195186,-46.165033738265464
1.906534978629625E7,2.5053496349544048E-6+0.0049062712017573906i,2.5053496349544048E-6,0.0049062712017573906,-46.18496785084133,-46.183548268226325,-46.16075146295
1.906546450281339E7,2.4797751517348317E-6+0.004908749792310486i,2.4797751517348317E-6,0.004908749792310486,-46.18058097360618,-46.17916211186638,-46.156514156152994
1.9065579219330538E7,2.454589512763823E-6+0.0049112035507278915i,2.454589512763823E-6,0.0049112035507278915,-46.176240227941406,-46.17482207934026,-46.15232110414019
1.906569393584768E7,2.4297848806273907E-6+0.004913632853085196i,2.4297848806273907E-6,0.004913632853085196,-46.17194488104496,-46.17052743774818,-46.14817160821244
1.9065808652364824E7,2.405353613953309E-6+0.0049160380678936405i,2.405353613953309E-6,0.0049160380678936405,-46.16769421557939,-46.1662774696461,-46.1440649843105
1.9065923368881967E7,2.3812882579063545E-6+0.00491841955666092i,2.3812882579063545E-6,0.00491841955666092,-46.16348752860964,-46.16207147264043,-46.14000056263407
1.906603808539911E7,2.3575815470627717E-6+0.004920777673375545i,2.3575815470627717E-6,0.004920777673375545,-46.15932413244547,-46.15790875899545,-46.13597768727173
1.9066152801916253E7,2.334226393026547E-6+0.004923112765124363i,2.334226393026547E-6,0.004923112765124363,-46.15520335348374,-46.15378865525234,-46.131995715842805
1.9066267518433396E7,2.3112158821563714E-6+0.004925425172228255i,2.3112158821563714E-6,0.004925425172228255,-46.15112453190519,-46.14971050186054,-46.1280540191495
1.906638223495054E7,2.2885432713440217E-6+0.004927715228079911i,2.2885432713440217E-6,0.004927715228079911,-46.14708702189853,-46.14567365282065,-46.12415198084105
1.906649695146768E7,2.2662019800794496E-6+0.00492998325978716i,2.2662019800794496E-6,0.00492998325978716,-46.14309019046607,-46.14167747533722,-46.12028899708665
1.9066611667984825E7,2.24418558766408E-6+0.004932229588070893i,2.24418558766408E-6,0.004932229588070893,-46.139133417546525,-46.137721349483556,-46.11646447625935
1.906672638450197E7,2.222487827895902E-6+0.004934454527406386i,2.222487827895902E-6,0.004934454527406386,-46.13521609571035,-46.13380466787554,-46.112677838628606
1.9066841101019114E7,2.2011025833253756E-6+0.004936658386455431i,2.2011025833253756E-6,0.004936658386455431,-46.13133762934539,-46.129926835356734,-46.10892851606357
1.9066955817536257E7,2.1800238866836152E-6+0.004938841467524046i,2.1800238866836152E-6,0.004938841467524046,-46.12749743555955,-46.12608726869078,-46.1052159517432
1.90670705340534E7,2.159245909670998E-6+0.004941004067453715i,2.159245909670998E-6,0.004941004067453715,-46.12369494256208,-46.1222853962652,-46.10153959987656
1.9067185250570543E7,2.138762959491526E-6+0.004943146477672207i,2.138762959491526E-6,0.004943146477672207,-46.11992958952708,-46.11852065780268,-46.09789892543095
1.9067299967087686E7,2.118569483048251E-6+0.004945268983528146i,2.118569483048251E-6,0.004945268983528146,-46.116200827716185,-46.11479250408135,-46.09429340386781
1.906741468360483E7,2.0986600539281115E-6+0.004947371865444529i,2.0986600539281115E-6,0.004947371865444529,-46.11250811840598,-46.11110039666376,-46.090722520886764
1.9067529400121972E7,2.079029370219403E-6+0.004949455398657942i,2.079029370219403E-6,0.004949455398657942,-46.10885093330368,-46.10744380763258,-46.087185772176525
1.9067644116639115E7,2.0596722583867594E-6+0.004951519852872387i,2.0596722583867594E-6,0.004951519852872387,-46.10522875511233,-46.10382221933506,-46.083682663173875
1.9067758833156258E7,2.0405836577538266E-6+0.004953565493412482i,2.0405836577538266E-6,0.004953565493412482,-46.10164107546641,-46.10023512413506,-46.08021270882878
1.9067873549673405E7,2.0217586335109417E-6+0.004955592579759686i,2.0217586335109417E-6,0.004955592579759686,-46.0980873974603,-46.096682024171,-46.07677543337672
1.9067988266190547E7,2.0031923522197436E-6+0.004957601367819545i,2.0031923522197436E-6,0.004957601367819545,-46.09456723163437,-46.09316243112243,-46.07337037011783
1.906810298270769E7,1.984880099913966E-6+0.00495959210784442i,1.984880099913966E-6,0.00495959210784442,-46.09108009958048,-46.089675865981896,-46.069997061201356
1.9068217699224833E7,1.966817264188327E-6+0.004961565046117327i,1.966817264188327E-6,0.004961565046117327,-46.08762553095492,-46.086221858833724,-46.0666550574168
1.9068332415741976E7,1.9489993386319063E-6+0.004963520424305527i,1.9489993386319063E-6,0.004963520424305527,-46.08420306457725,-46.082799948639945,-46.06334391799173
1.906844713225912E7,1.931421918337152E-6+0.004965458479605068i,1.931421918337152E-6,0.004965458479605068,-46.080812248143566,-46.079409683030676,-46.06006321039345
1.9068561848776262E7,1.9140806976555618E-6+0.004967379444958226i,1.9140806976555618E-6,0.004967379444958226,-46.07745263781352,-46.07605061810199,-46.056812510138116
1.9068676565293405E7,1.896971464928687E-6+0.004969283549339682i,1.896971464928687E-6,0.004969283549339682,-46.07412379767894,-46.07272231821811,-46.053591400603636
1.906879128181055E7,1.8800901029025787E-6+0.004971171017547045i,1.8800901029025787E-6,0.004971171017547045,-46.07082530010027,-46.06942435581998,-46.05039947284893
1.906890599832769E7,1.8634325865778354E-6+0.004973042070249791i,1.8634325865778354E-6,0.004973042070249791,-46.06755672559146,-46.066156311238785,-46.04723632543731
1.9069020714844834E7,1.8469949754455098E-6+0.004974896924632873i,1.8469949754455098E-6,0.004974896924632873,-46.0643176616674,-46.06291777251491,-46.04410156426524
1.906913543136198E7,1.8307734206106053E-6+0.004976735793564892i,1.8307734206106053E-6,0.004976735793564892,-46.06110770426969,-46.05970833522111,-46.0409948023953
1.9069250147879124E7,1.8147641534284374E-6+0.004978558886530066i,1.8147641534284374E-6,0.004978558886530066,-46.05792645611235,-46.05652760229173,-46.037915659894495
1.9069364864396267E7,1.79896348715334E-6+0.004980366409344949i,1.79896348715334E-6,0.004980366409344949,-46.054773527151305,-46.0533751838554,-46.03486376367579
1.906947958091341E7,1.7833678166336515E-6+0.004982158564126776i,1.7833678166336515E-6,0.004982158564126776,-46.05164853461452,-46.050250697072805,-46.03183874734497
1.9069594297430553E7,1.76797361232301E-6+0.00498393554964163i,1.76797361232301E-6,0.00498393554964163,-46.048551102370645,-46.04715376597899,-46.02884025105077
1.9069709013947695E7,1.7527774202415353E-6+0.0049856975612700815i,1.7527774202415353E-6,0.0049856975612700815,-46.04548086096592,-46.044084021329496,-46.025867921339916
1.906982373046484E7,1.7377758635766585E-6+0.004987444790694324i,1.7377758635766585E-6,0.004987444790694324,-46.04243744814639,-46.04104110045078,-46.02292141101501
1.906993844698198E7,1.7229656322684196E-6+0.004989177426867306i,1.7229656322684196E-6,0.004989177426867306,-46.03942050714765,-46.038024647094815,-46.020000378997
1.9070053163499124E7,1.708343488373398E-6+0.004990895655283096i,1.708343488373398E-6,0.004990895655283096,-46.036429687945,-46.03503431129727,-46.01710449019091
1.9070167880016267E7,1.693906264783763E-6+0.004992599658044288i,1.693906264783763E-6,0.004992599658044288,-46.033464647114684,-46.03206974923934,-46.0142334153548
1.9070282596533414E7,1.6796508544993691E-6+0.004994289614885509i,1.6796508544993691E-6,0.004994289614885509,-46.030525046033034,-46.02913062311343,-46.01138683097288
1.9070397313050557E7,1.6655742241083695E-6+0.00499596570155219i,1.6655742241083695E-6,0.00499596570155219,-46.02761055367775,-46.02621660099281,-46.00856441913142
1.90705120295677E7,1.651673394734454E-6+0.00499762809182382i,1.651673394734454E-6,0.00499762809182382,-46.02472084308974,-46.02332735670328,-46.00576586739763
1.9070626746084843E7,1.6379454539777295E-6+0.004999276956044879i,1.6379454539777295E-6,0.004999276956044879,-46.02185559391004,-46.02046256969955,-46.00299086870255
1.9070741462601986E7,1.6243875482792682E-6+0.005000912461938613i,1.6243875482792682E-6,0.005000912461938613,-46.01901449094707,-46.0176219249443,-46.00023912122581
1.907085617911913E7,1.6109968837132976E-6+0.005002534774277317i,1.6109968837132976E-6,0.005002534774277317,-46.016197224732444,-46.01480511279006,-45.997510328284434
1.907097089563627E7,1.597770721310226E-6+0.005004144055414393i,1.597770721310226E-6,0.005004144055414393,-46.01340349058021,-46.0120118288646,-45.99480419822348
1.9071085612153415E7,1.584706379805194E-6+0.005005740464845786i,1.584706379805194E-6,0.005005740464845786,-46.01063298933248,-46.009241773959175,-45.99212044431047
1.9071200328670558E7,1.5718012317577096E-6+0.005007324159549785i,1.5718012317577096E-6,0.005007324159549785,-46.00788542675359,-46.0064946539189,-45.98945878463147
1.90713150451877E7,1.5590527032283653E-6+0.005008895293861665i,1.5590527032283653E-6,0.005008895293861665,-46.00516051373244,-46.00377017953701,-45.98681894199041
1.9071429761704847E7,1.5464582707112338E-6+0.005010454019852566i,1.5464582707112338E-6,0.005010454019852566,-46.00245796561065,-46.001068066450834,-45.9842006438107
1.907154447822199E7,1.5340154627022486E-6+0.00501200048694934i,1.5340154627022486E-6,0.00501200048694934,-45.99977750282744,-45.99838803504116,-45.98160362203971
1.9071659194739133E7,1.521721857507964E-6+0.005013534842159598i,1.521721857507964E-6,0.005013534842159598,-45.99711885051533,-45.99572981033318,-45.979027613054775
1.9071773911256276E7,1.5095750794351535E-6+0.005015057230342201i,1.5095750794351535E-6,0.005015057230342201,-45.99448173801788,-45.993093121900756,-45.97647235757226
1.907188862777342E7,1.4975728021575999E-6+0.005016567793852151i,1.4975728021575999E-6,0.005016567793852151,-45.99186589949194,-45.99047770377272,-45.97393760055865
1.9072003344290562E7,1.4857127423534777E-6+0.00501806667311426i,1.4857127423534777E-6,0.00501806667311426,-45.98927107290127,-45.98788329434129,-45.97142309114369
1.9072118060807705E7,1.4739926656814937E-6+0.005019554005863511i,1.4739926656814937E-6,0.005019554005863511,-45.98669700131939,-45.98530963627319,-45.96892858253584
1.9072232777324848E7,1.4624103776594194E-6+0.005021029928101704i,1.4624103776594194E-6,0.005021029928101704,-45.984143431261316,-45.98275647642234,-45.96645383193966
1.907234749384199E7,1.4509637285635578E-6+0.005022494573493562i,1.4509637285635578E-6,0.005022494573493562,-45.98161011371731,-45.980223565745185,-45.96399860047511
1.9072462210359134E7,1.4396506118132518E-6+0.005023948073472274i,1.4396506118132518E-6,0.005023948073472274,-45.97909680395834,-45.977710659218005,-45.96156265309905
1.907257692687628E7,1.4284689564812932E-6+0.00502539055803655i,1.4284689564812932E-6,0.00502539055803655,-45.97660326014703,-45.975217515755716,-45.959145758528436
1.9072691643393423E7,1.4174167371558564E-6+0.005026822154483146i,1.4174167371558564E-6,0.005026822154483146,-45.974129245518355,-45.972743898133686,-45.95674768916554
1.9072806359910566E7,1.406491965975943E-6+0.005028242988349758i,1.406491965975943E-6,0.005028242988349758,-45.97167452673869,-45.97028957291001,-45.95436822102454
1.907292107642771E7,1.395692689631536E-6+0.0050296531836248985i,1.395692689631536E-6,0.0050296531836248985,-45.96923887353359,-45.9678543103507,-45.952007133660224
1.9073035792944852E7,1.3850169963375025E-6+0.00503105286193635i,1.3850169963375025E-6,0.00503105286193635,-45.96682206007988,-45.96543788435655,-45.94966421009852
1.9073150509461995E7,1.3744630086747655E-6+0.005032442143241765i,1.3744630086747655E-6,0.005032442143241765,-45.96442386380286,-45.96304007239111,-45.94733923676799
1.907326522597914E7,1.3640288846698486E-6+0.005033821145728081i,1.3640288846698486E-6,0.005033821145728081,-45.9620440655409,-45.960660655410976,-45.945032003433816
1.907337994249628E7,1.3537128164288549E-6+0.005035189985850788i,1.3537128164288549E-6,0.005035189985850788,-45.95968244946868,-45.958299417797505,-45.9427423031325
1.9073494659013424E7,1.3435130329322595E-6+0.005036548777962418i,1.3435130329322595E-6,0.005036548777962418,-45.95733880372906,-45.95595614729003,-45.94046993210866
1.9073609375530567E7,1.3334277926977174E-6+0.005037897635138996i,1.3334277926977174E-6,0.005037897635138996,-45.955012918998705,-45.953630634920756,-45.93821468975307
1.9073724092047714E7,1.323455388770349E-6+0.005039236668521226i,1.323455388770349E-6,0.005039236668521226,-45.952704589616225,-45.95132267495121,-45.935976378542094
1.9073838808564857E7,1.3135941442846371E-6+0.005040565987792181i,1.3135941442846371E-6,0.005040565987792181,-45.95041361275029,-45.949032064809934,-45.933754803978594
1.9073953525082E7,1.303842415567337E-6+0.0050418857007305685i,1.303842415567337E-6,0.0050418857007305685,-45.94813978916158,-45.94675860503203,-45.93154977453434
1.9074068241599143E7,1.294198587949553E-6+0.005043195913670263i,1.294198587949553E-6,0.005043195913670263,-45.94588292240304,-45.944502099199305,-45.92936110159309
1.9074182958116286E7,1.2846610757660137E-6+0.005044496731509417i,1.2846610757660137E-6,0.005044496731509417,-45.943642818796846,-45.942262353882775,-45.92718859939598
1.907429767463343E7,1.2752283236387167E-6+0.005045788257405622i,1.2752283236387167E-6,0.005045788257405622,-45.94141928795214,-45.94003917858589,-45.925032084987194
1.907441239115057E7,1.2658988047398972E-6+0.005047070592974842i,1.2658988047398972E-6,0.005047070592974842,-45.939212142414966,-45.93783238568897,-45.92289137816154
1.9074527107667714E7,1.2566710180180753E-6+0.005048343838639046i,1.2566710180180753E-6,0.005048343838639046,-45.93702119706314,-45.935641790395216,-45.92076630141275
1.9074641824184857E7,1.247543490671482E-6+0.005049608093210736i,1.247543490671482E-6,0.005049608093210736,-45.93484626981468,-45.93346721067803,-45.91865667988338
1.9074756540702E7,1.2385147774476175E-6+0.005050863453936807i,1.2385147774476175E-6,0.005050863453936807,-45.93268718154539,-45.93130846722878,-45.91656234131519
1.9074871257219147E7,1.2295834568560877E-6+0.005052110016972589i,1.2295834568560877E-6,0.005052110016972589,-45.93054375526715,-45.92916538340647,-45.91448311600131
1.907498597373629E7,1.2207481360993694E-6+0.005053347876627099i,1.2207481360993694E-6,0.005053347876627099,-45.92841581741949,-45.92703778518878,-45.91241883673917
1.9075100690253433E7,1.2120074436097197E-6+0.0050545771263709365i,1.2120074436097197E-6,0.0050545771263709365,-45.92630319613052,-45.92492550112282,-45.91036933878427
1.9075215406770576E7,1.2033600342677504E-6+0.005055797858082905i,1.2033600342677504E-6,0.005055797858082905,-45.92420572250632,-45.92282836227844,-45.908334459805154
1.907533012328772E7,1.1948045871821716E-6+0.005057010162236069i,1.1948045871821716E-6,0.005057010162236069,-45.92212323030496,-45.920746202201855,-45.90631403983974
1.907544483980486E7,1.1863398020845931E-6+0.005058214128432655i,1.1863398020845931E-6,0.005058214128432655,-45.920055555012134,-45.91867885687052,-45.90430792125172
1.9075559556322005E7,1.177964405674766E-6+0.005059409844421856i,1.177964405674766E-6,0.005059409844421856,-45.91800253552259,-45.91662616464866,-45.90231594868881
1.9075674272839148E7,1.169677142633924E-6+0.005060597397323167i,1.169677142633924E-6,0.005060597397323167,-45.915964012033925,-45.91458796624414,-45.90033796904141
1.907578898935629E7,1.1614767823740678E-6+0.00506177687267269i,1.1614767823740678E-6,0.00506177687267269,-45.91393982767894,-45.91256410466627,-45.89837383140224
1.9075903705873434E7,1.1533621152803122E-6+0.005062948354855769i,1.1533621152803122E-6,0.005062948354855769,-45.91192982777764,-45.91055442518404,-45.89642338702683
1.907601842239058E7,1.1453319522577061E-6+0.005064111927123434i,1.1453319522577061E-6,0.005064111927123434,-45.90993385980408,-45.90855877528579,-45.89448648929495
1.9076133138907723E7,1.1373851255378035E-6+0.005065267671513751i,1.1373851255378035E-6,0.005065267671513751,-45.9079517735164,-45.90657700463978,-45.89256299367304
1.9076247855424866E7,1.1295204853969724E-6+0.005066415669192606i,1.1295204853969724E-6,0.005066415669192606,-45.90598342036773,-45.90460896505484,-45.89065275767676
1.907636257194201E7,1.1217369042120367E-6+0.005067555999885416i,1.1217369042120367E-6,0.005067555999885416,-45.90402865447611,-45.90265451044287,-45.888755640835015
1.9076477288459152E7,1.1140332718445005E-6+0.005068688742461747i,1.1140332718445005E-6,0.005068688742461747,-45.90208733161748,-45.900713496781364,-45.88687150465467
1.9076592004976295E7,1.1064084990301098E-6+0.0050698139744829625i,1.1064084990301098E-6,0.0050698139744829625,-45.90015930999671,-45.89878578207714,-45.8850002125855
1.9076706721493438E7,1.0988615132066464E-6+0.005070931772662377i,1.0988615132066464E-6,0.005070931772662377,-45.89824444945472,-45.89687122633079,-45.8831416299867
1.907682143801058E7,1.091391260735014E-6+0.005072042212597499i,1.091391260735014E-6,0.005072042212597499,-45.89634261192312,-45.894969691501615,-45.88129562409307
1.9076936154527724E7,1.0839967059952732E-6+0.005073145368790479i,1.0839967059952732E-6,0.005073145368790479,-45.89445366138496,-45.89308104147359,-45.87946206398291
1.9077050871044867E7,1.076676830622409E-6+0.00507424131481983i,1.076676830622409E-6,0.00507424131481983,-45.8925774635767,-45.89120514202189,-45.8776408205458
1.9077165587562013E7,1.0694306316606138E-6+0.005075330123435505i,1.0694306316606138E-6,0.005075330123435505,-45.89071388582168,-45.88934186078009,-45.875831766451576
1.9077280304079156E7,1.062257126204579E-6+0.0050764118660420795i,1.062257126204579E-6,0.0050764118660420795,-45.888862797910875,-45.88749106720849,-45.87403477611985
1.90773950205963E7,1.0551553449076293E-6+0.0050774866134040844i,1.0551553449076293E-6,0.0050774866134040844,-45.88702407089197,-45.88565263256203,-45.87224972568969
1.9077509737113442E7,1.0481243358991577E-6+0.00507855443518861i,1.0481243358991577E-6,0.00507855443518861,-45.88519757784846,-45.88382642986005,-45.870476492990505
1.9077624453630585E7,1.0411631623409662E-6+0.005079615400226186i,1.0411631623409662E-6,0.005079615400226186,-45.883383193449845,-45.882012333856096,-45.86871495751332
1.907773917014773E7,1.0342709035186472E-6+0.0050806695763574335i,1.0342709035186472E-6,0.0050806695763574335,-45.881580794210386,-45.88021022100817,-45.866965000382606
1.907785388666487E7,1.0274466533757299E-6+0.005081717030599418i,1.0274466533757299E-6,0.005081717030599418,-45.87979025820129,-45.87841996945011,-45.865226504328575
1.9077968603182014E7,1.020689520466968E-6+0.00508275782909202i,1.020689520466968E-6,0.00508275782909202,-45.878011465139146,-45.876641458963064,-45.863499353660266
1.9078083319699157E7,1.0139986280381364E-6+0.005083792037118686i,1.0139986280381364E-6,0.005083792037118686,-45.87624429634724,-45.87487457094785,-45.861783434239065
1.90781980362163E7,1.0073731147278014E-6+0.005084819718943623i,1.0073731147278014E-6,0.005084819718943623,-45.87448863503055,-45.873119188397666,-45.86007863345258
1.9078312752733447E7,1.000812131661044E-6+0.005085840938195931i,1.000812131661044E-6,0.005085840938195931,-45.87274436561628,-45.87137519587163,-45.858384840189515
1.907842746925059E7,9.943148435729808E-7+0.005086855757716565i,9.943148435729808E-7,0.005086855757716565,-45.87101137401255,-45.86964247946849,-45.856701944814446
1.9078542185767733E7,9.878804300155452E-7+0.005087864239321472i,9.878804300155452E-7,0.005087864239321472,-45.86928954800985,-45.86792092680095,-45.85502983914349
1.9078656902284876E7,9.815080832576033E-7+0.0050888664441177i,9.815080832576033E-7,0.0050888664441177,-45.86757877673831,-45.86621042697101,-45.853368416420494
1.907877161880202E7,9.751970074448488E-7+0.00508986243255586i,9.751970074448488E-7,0.00508986243255586,-45.865878950575414,-45.864510870544855,-45.851717571293236
1.907888633531916E7,9.689464204253893E-7+0.005090852264200854i,9.689464204253893E-7,0.005090852264200854,-45.864189961534755,-45.862822149529094,-45.850077199790746
1.9079001051836304E7,9.627555524603542E-7+0.005091835997828728i,9.627555524603542E-7,0.005091835997828728,-45.86251170309786,-45.861144157346985,-45.848447199300594
1.9079115768353447E7,9.56623645855065E-7+0.005092813691523558i,9.56623645855065E-7,0.005092813691523558,-45.860844070046326,-45.85947678881545,-45.84682746854667
1.907923048487059E7,9.505499547767027E-7+0.005093785402630864i,9.505499547767027E-7,0.005093785402630864,-45.85918695853878,-45.85781994012205,-45.84521790756767
1.9079345201387733E7,9.445337456783686E-7+0.005094751187694189i,9.445337456783686E-7,0.005094751187694189,-45.857540266216496,-45.85617350880317,-45.843618417695836
1.907945991790488E7,9.38574294785192E-7+0.005095711102807306i,9.38574294785192E-7,0.005095711102807306,-45.855903891600434,-45.854537393721714,-45.84202890153587
1.9079574634422023E7,9.326708919857116E-7+0.005096665203005652i,9.326708919857116E-7,0.005096665203005652,-45.85427773512647,-45.85291149504597,-45.84044926294469
1.9079689350939166E7,9.268228374333709E-7+0.005097613542809221i,9.268228374333709E-7,0.005097613542809221,-45.85266169821736,-45.85129571422867,-45.838879407011326
1.907980406745631E7,9.210294412641639E-7+0.005098556176112962i,9.210294412641639E-7,0.005098556176112962,-45.85105568346752,-45.8496899539861,-45.837319240037175
1.907991878397345E7,9.152900246796446E-7+0.0050994931561474475i,9.152900246796446E-7,0.0050994931561474475,-45.84945959470783,-45.84809411827823,-45.83576866951667
1.9080033500490595E7,9.096039210251894E-7+0.005100424535220452i,9.096039210251894E-7,0.005100424535220452,-45.847873337443545,-45.84650811228872,-45.83422760411857
1.9080148217007738E7,9.039704715056074E-7+0.005101350365361853i,9.039704715056074E-7,0.005101350365361853,-45.846296817753675,-45.84493184240547,-45.83269595366714
1.908026293352488E7,8.983890292356975E-7+0.005102270697669681i,8.983890292356975E-7,0.005102270697669681,-45.84472994340278,-45.843365216201626,-45.83117362912395
1.9080377650042024E7,8.928589560238424E-7+0.005103185582812207i,8.928589560238424E-7,0.005103185582812207,-45.84317262298383,-45.84180814241695,-45.82966054257021
1.9080492366559166E7,8.873796241397235E-7+0.005104095070745844i,8.873796241397235E-7,0.005104095070745844,-45.841624766396585,-45.84026053093935,-45.82815660718899
1.9080607083076313E7,8.819504151491277E-7+0.005104999210836994i,8.819504151491277E-7,0.005104999210836994,-45.840086284638204,-45.83872229278673,-45.82666173724804
1.9080721799593456E7,8.765707200462558E-7+0.005105898051852511i,8.765707200462558E-7,0.005105898051852511,-45.838557089817556,-45.83719334008981,-45.825175848083155
1.90808365161106E7,8.712399390388332E-7+0.005106791641990709i,8.712399390388332E-7,0.005106791641990709,-45.837037095100605,-45.83567358607429,-45.82369885608118
1.9080951232627742E7,8.659574816816884E-7+0.005107680028773595i,8.659574816816884E-7,0.005107680028773595,-45.835526214891885,-45.83416294504402,-45.82223067866408
1.9081065949144885E7,8.607227661999851E-7+0.0051085632592230545i,8.607227661999851E-7,0.0051085632592230545,-45.83402436453301,-45.83266133236435,-45.82077123427272
1.9081180665662028E7,8.555352194385938E-7+0.005109441379803029i,8.555352194385938E-7,0.005109441379803029,-45.832531460399295,-45.83116866444567,-45.81932044235144
1.908129538217917E7,8.503942762050715E-7+0.005110314436506709i,8.503942762050715E-7,0.005110314436506709,-45.831047419749865,-45.829684858727475,-45.817878223332535
1.9081410098696314E7,8.452993816480048E-7+0.005111182474495442i,8.452993816480048E-7,0.005111182474495442,-45.82957216133976,-45.82820983366229,-45.81644449862114
1.9081524815213457E7,8.402499869386063E-7+0.00511204553871439i,8.402499869386063E-7,0.00511204553871439,-45.828105604371736,-45.82674350870049,-45.81501919058037
1.90816395317306E7,8.3524555284782E-7+0.005112903673391864i,8.3524555284782E-7,0.005112903673391864,-45.82664766934574,-45.82528580427479,-45.813602222516906
1.9081754248247743E7,8.30285546959959E-7+0.005113756922346822i,8.30285546959959E-7,0.005113756922346822,-45.825198277534724,-45.82383664178557,-45.812193518666604
1.908186896476489E7,8.253694460998438E-7+0.005114605328730236i,8.253694460998438E-7,0.005114605328730236,-45.82375735142249,-45.82239594358601,-45.81079300418034
1.9081983681282032E7,8.204967341052815E-7+0.0051154489352643814i,8.204967341052815E-7,0.0051154489352643814,-45.82232481429568,-45.82096363296792,-45.80940060511065
1.9082098397799175E7,8.15666901943648E-7+0.005116287784216206i,8.15666901943648E-7,0.005116287784216206,-45.820900590287614,-45.819539634147276,-45.80801624839772
1.908221311431632E7,8.108794482498953E-7+0.005117121917347524i,8.108794482498953E-7,0.005117121917347524,-45.819484604461394,-45.818123872250574,-45.806639861856254
1.908232783083346E7,8.06133879540907E-7+0.005117951375852413i,8.06133879540907E-7,0.005117951375852413,-45.818076782914794,-45.81671627330123,-45.80527137416261
1.9082442547350604E7,8.01429708938076E-7+0.0051187762004910875i,8.01429708938076E-7,0.0051187762004910875,-45.81667705255153,-45.81531676420593,-45.803910714841734
1.9082557263867747E7,7.967664566786434E-7+0.005119596431571832i,7.967664566786434E-7,0.005119596431571832,-45.81528534111066,-45.81392527274176,-45.80255781425474
1.908267198038489E7,7.9214365008224E-7+0.005120412108933255i,7.9214365008224E-7,0.005120412108933255,-45.813901577195324,-45.81254172754317,-45.801212603586414
1.9082786696902033E7,7.875608229075256E-7+0.005121223271951846i,7.875608229075256E-7,0.005121223271951846,-45.81252569025867,-45.8111660580892,-45.79987501483322
1.9082901413419176E7,7.830175160307385E-7+0.005122029959550712i,7.830175160307385E-7,0.005122029959550712,-45.81115761058773,-45.80979819469118,-45.79854498079116
1.9083016129936323E7,7.785132772093654E-7+0.005122832210084088i,7.785132772093654E-7,0.005122832210084088,-45.80979726949796,-45.808438068480434,-45.79722243504434
1.9083130846453466E7,7.740476596111764E-7+0.005123630061726551i,7.740476596111764E-7,0.005123630061726551,-45.80844459867211,-45.807085611396175,-45.79590731195317
1.908324556297061E7,7.696202232245765E-7+0.00512442355205379i,7.696202232245765E-7,0.00512442355205379,-45.80709953086982,-45.80574075617379,-45.79459954664319
1.908336027948775E7,7.652305350692311E-7+0.005125212718157335i,7.652305350692311E-7,0.005125212718157335,-45.805761999731935,-45.80440343633317,-45.79329907499397
1.9083474996004894E7,7.608781674908032E-7+0.0051259975967954275i,7.608781674908032E-7,0.0051259975967954275,-45.80443193952352,-45.8030735861673,-45.79200583362812
1.9083589712522037E7,7.565626985265803E-7+0.005126778224370749i,7.565626985265803E-7,0.005126778224370749,-45.80310928517062,-45.8017511407311,-45.790719759900526
1.908370442903918E7,7.522837127150602E-7+0.005127554636805007i,7.522837127150602E-7,0.005127554636805007,-45.8017939724717,-45.800436035830394,-45.789440791887976
1.9083819145556323E7,7.480408005828906E-7+0.005128326869578833i,7.480408005828906E-7,0.005128326869578833,-45.80048593802882,-45.79912820801103,-45.78816886837853
1.9083933862073466E7,7.43833558116954E-7+0.0051290949578190964i,7.43833558116954E-7,0.0051290949578190964,-45.79918511909872,-45.79782759454828,-45.78690392886158
1.908404857859061E7,7.396615872168308E-7+0.005129858936208733i,7.396615872168308E-7,0.005129858936208733,-45.79789145374449,-45.79653413343654,-45.785645913517705
1.9084163295107756E7,7.35524494515515E-7+0.005130618839185451i,7.35524494515515E-7,0.005130618839185451,-45.79660488049807,-45.79524776337868,-45.7843947632088
1.90842780116249E7,7.3142189300087E-7+0.0051313747006494995i,7.3142189300087E-7,0.0051313747006494995,-45.79532533885412,-45.7939684237764,-45.78315041946862
1.908439272814204E7,7.273534004425603E-7+0.0051321265542410375i,7.273534004425603E-7,0.0051321265542410375,-45.79405276879933,-45.79269605471997,-45.78191282449286
1.9084507444659185E7,7.233186405515049E-7+0.005132874433092661i,7.233186405515049E-7,0.005132874433092661,-45.79278711123049,-45.79143059697857,-45.78068192113021
1.9084622161176328E7,7.193172415532215E-7+0.005133618370083109i,7.193172415532215E-7,0.005133618370083109,-45.79152830752402,-45.79017199199075,-45.779457652872935
1.908473687769347E7,7.153488369485475E-7+0.005134358397734363i,7.153488369485475E-7,0.005134358397734363,-45.79027629970927,-45.78892018185498,-45.77823996384793
1.9084851594210614E7,7.114130656596464E-7+0.005135094548095613i,7.114130656596464E-7,0.005135094548095613,-45.789031030663956,-45.78767510932023,-45.77702879880778
1.9084966310727756E7,7.075095704812391E-7+0.00513582685307493i,7.075095704812391E-7,0.00513582685307493,-45.787792443552114,-45.78643671777721,-45.77582410312209
1.90850810272449E7,7.036380001405902E-7+0.00513655534405249i,7.036380001405902E-7,0.00513655534405249,-45.78656048247754,-45.78520495124902,-45.774625822768854
1.9085195743762042E7,6.997980083557528E-7+0.0051372800520139384i,6.997980083557528E-7,0.0051372800520139384,-45.78533509225722,-45.78397975438253,-45.7734339043259
1.908531046027919E7,6.95989252120314E-7+0.005138001007852089i,6.95989252120314E-7,0.005138001007852089,-45.78411621791044,-45.78276107243965,-45.772248294962836
1.9085425176796332E7,6.922113943944602E-7+0.0051387182419141125i,6.922113943944602E-7,0.0051387182419141125,-45.782903805423565,-45.781548851289,-45.771068942432734
1.9085539893313475E7,6.884641018817549E-7+0.00513943178435162i,6.884641018817549E-7,0.00513943178435162,-45.78169780115738,-45.78034303739726,-45.769895795063974
1.9085654609830618E7,6.847470463829752E-7+0.005140141664856921i,6.847470463829752E-7,0.005140141664856921,-45.780498152292076,-45.77914357782102,-45.76872880175258
1.908576932634776E7,6.810599034528222E-7+0.005140847912950228i,6.810599034528222E-7,0.005140847912950228,-45.7793048063411,-45.77795042019872,-45.76756791195428
1.9085884042864904E7,6.774023532038607E-7+0.005141550557784251i,6.774023532038607E-7,0.005141550557784251,-45.77811771148065,-45.77676351274269,-45.76641307567691
1.9085998759382047E7,6.737740806662405E-7+0.005142249628089998i,6.737740806662405E-7,0.005142249628089998,-45.77693681664041,-45.77558280423127,-45.76526424347297
1.908611347589919E7,6.7017477392698E-7+0.005142945152466061i,6.7017477392698E-7,0.005142945152466061,-45.775762071014114,-45.774408244001066,-45.76412136643209
1.9086228192416333E7,6.666041261540183E-7+0.00514363715909512i,6.666041261540183E-7,0.00514363715909512,-45.77459342453778,-45.773239781939445,-45.762984396173884
1.9086342908933476E7,6.630618339470167E-7+0.005144325675906033i,6.630618339470167E-7,0.005144325675906033,-45.773430827615165,-45.77207736847698,-45.76185328484064
1.9086457625450622E7,6.595475980741163E-7+0.005145010730551911i,6.595475980741163E-7,0.005145010730551911,-45.77227423115414,-45.77092095458015,-45.7607279850904
1.9086572341967765E7,6.560611237807558E-7+0.005145692350269081i,6.560611237807558E-7,0.005145692350269081,-45.77112358680413,-45.76977049174421,-45.759608450090106
1.908668705848491E7,6.526021192374124E-7+0.005146370562209585i,6.526021192374124E-7,0.005146370562209585,-45.76997884639405,-45.76862593198587,-45.75849463350853
1.908680177500205E7,6.491702969664372E-7+0.005147045393093189i,6.491702969664372E-7,0.005147045393093189,-45.768839962519216,-45.76748722783649,-45.757386489509784
1.9086916491519194E7,6.457653736097714E-7+0.005147716869356646i,6.457653736097714E-7,0.005147716869356646,-45.76770688828862,-45.76635433233513,-45.756283972746594
1.9087031208036337E7,6.423870684559805E-7+0.005148385017295634i,6.423870684559805E-7,0.005148385017295634,-45.76657957708483,-45.76522719902174,-45.75518703835393
1.908714592455348E7,6.390351053831238E-7+0.0051490498627819225i,6.390351053831238E-7,0.0051490498627819225,-45.765457983040676,-45.764105781930596,-45.75409564194245
1.9087260641070623E7,6.357092113049189E-7+0.005149711431535144i,6.357092113049189E-7,0.005149711431535144,-45.76434206058002,-45.76299003558364,-45.75300973959234
1.9087375357587766E7,6.324091171590164E-7+0.005150369748880841i,6.324091171590164E-7,0.005150369748880841,-45.76323176482536,-45.761879914984114,-45.751929287847105
1.908749007410491E7,6.291345568284589E-7+0.005151024840017153i,6.291345568284589E-7,0.005151024840017153,-45.76212705114743,-45.760775375610116,-45.7508542437074
1.9087604790622056E7,6.258852677088213E-7+0.005151676729832687i,6.258852677088213E-7,0.005151676729832687,-45.7610278754718,-45.759676373408396,-45.74978456462507
1.90877195071392E7,6.22660990986709E-7+0.005152325442911161i,6.22660990986709E-7,0.005152325442911161,-45.75993419427042,-45.75858286478837,-45.74872020849736
1.908783422365634E7,6.194614706777976E-7+0.005152971003635256i,6.194614706777976E-7,0.005152971003635256,-45.758845964386026,-45.757494806615696,-45.74766113366088
1.9087948940173484E7,6.162864544850569E-7+0.005153613436104159i,6.162864544850569E-7,0.005153613436104159,-45.75776314317054,-45.75641215620667,-45.74660729888607
1.9088063656690627E7,6.131356926131574E-7+0.005154252764287679i,6.131356926131574E-7,0.005154252764287679,-45.75668568822485,-45.75533487132215,-45.7455586633715
1.908817837320777E7,6.100089391688916E-7+0.005154889011750049i,6.100089391688916E-7,0.005154889011750049,-45.75561355786373,-45.75426291016185,-45.74451518673833
1.9088293089724913E7,6.069059512548123E-7+0.005155522201866894i,6.069059512548123E-7,0.005155522201866894,-45.754546710749665,-45.75319623135864,-45.74347682902481
1.9088407806242056E7,6.038264884600309E-7+0.005156152357874807i,6.038264884600309E-7,0.005156152357874807,-45.75348510580887,-45.75213479397299,-45.74244355068102
1.90885225227592E7,6.007703143825678E-7+0.0051567795026195695i,6.007703143825678E-7,0.0051567795026195695,-45.75242870265494,-45.75107855748742,-45.74141531256343
1.9088637239276342E7,5.977371943571005E-7+0.005157403658883265i,5.977371943571005E-7,0.005157403658883265,-45.751377461037336,-45.75002748180107,-45.740392075929876
1.908875195579349E7,5.947268978745052E-7+0.005158024849050358i,5.947268978745052E-7,0.005158024849050358,-45.750331341403374,-45.748981527224345,-45.73937380243418
1.908886667231063E7,5.917391964609923E-7+0.005158643095431614i,5.917391964609923E-7,0.005158643095431614,-45.74929030435216,-45.747940654473744,-45.73836045412142
1.9088981388827775E7,5.887738648472843E-7+0.0051592584200166785i,5.887738648472843E-7,0.0051592584200166785,-45.74825431105082,-45.7469048246666,-45.73735199342263
1.9089096105344918E7,5.858306805573609E-7+0.005159870844616122i,5.858306805573609E-7,0.005159870844616122,-45.74722332299487,-45.74587399931595,-45.73634838315016
1.908921082186206E7,5.82909423586273E-7+0.005160480390854595i,5.82909423586273E-7,0.005160480390854595,-45.746197302019304,-45.74484814032558,-45.73534958649263
1.9089325538379204E7,5.800098773064005E-7+0.005161087080029311i,5.800098773064005E-7,0.005161087080029311,-45.74517621053631,-45.74382720998503,-45.73435556701042
1.9089440254896346E7,5.771318269384464E-7+0.005161690933359748i,5.771318269384464E-7,0.005161690933359748,-45.744160011114644,-45.74281117096481,-45.73336628863075
1.908955497141349E7,5.742750608940003E-7+0.005162291971795445i,5.742750608940003E-7,0.005162291971795445,-45.74314866680262,-45.74179998631148,-45.73238171564327
1.9089669687930632E7,5.714393701075237E-7+0.0051628902160576265i,5.714393701075237E-7,0.0051628902160576265,-45.74214214105767,-45.740793619443025,-45.7314018126954
1.9089784404447775E7,5.686245478278513E-7+0.005163485686722866i,5.686245478278513E-7,0.005163485686722866,-45.741140397605164,-45.739792034144116,-45.73042654478794
1.9089899120964922E7,5.658303902738317E-7+0.005164078404097814i,5.658303902738317E-7,0.005164078404097814,-45.74014340064874,-45.738795194561604,-45.72945587727052
1.9090013837482065E7,5.63056695563143E-7+0.005164668388360347i,5.63056695563143E-7,0.005164668388360347,-45.73915111463249,-45.737803065200005,-45.7284897758375
1.9090128553999208E7,5.603032646806455E-7+0.005165255659460766i,5.603032646806455E-7,0.005165255659460766,-45.738163504406785,-45.736815610916935,-45.72752820652348
1.909024327051635E7,5.575699009398631E-7+0.005165840237152535i,5.575699009398631E-7,0.005165840237152535,-45.73718053517614,-45.73583279691883,-45.72657113569922
1.9090357987033494E7,5.548564100112084E-7+0.005166422140989035i,5.548564100112084E-7,0.005166422140989035,-45.73620217250435,-45.73485458875663,-45.72561853006736
1.9090472703550637E7,5.521626000856151E-7+0.0051670013903194305i,5.521626000856151E-7,0.0051670013903194305,-45.73522838232098,-45.73388095232148,-45.72467035665849
1.909058742006778E7,5.494882811889776E-7+0.005167578004397552i,5.494882811889776E-7,0.005167578004397552,-45.73425913073809,-45.73291185384057,-45.723726582827
1.9090702136584923E7,5.468332661557281E-7+0.005168152002164513i,5.468332661557281E-7,0.005168152002164513,-45.73329438441518,-45.73194725987303,-45.72278717624726
1.9090816853102066E7,5.441973698444768E-7+0.005168723402466737i,5.441973698444768E-7,0.005168723402466737,-45.73233411019241,-45.73098713730577,-45.72185210490949
1.909093156961921E7,5.415804092829088E-7+0.005169292223945118i,5.415804092829088E-7,0.005169292223945118,-45.73137827527657,-45.730031453349575,-45.72092133711611
1.9091046286136355E7,5.389822034812261E-7+0.0051698584851118945i,5.389822034812261E-7,0.0051698584851118945,-45.73042684711154,-45.72908017553505,-45.719994841477806
1.90911610026535E7,5.364025742370069E-7+0.005170422204157382i,5.364025742370069E-7,0.005170422204157382,-45.72947979370269,-45.728133271708884,-45.71907258690995
1.909127571917064E7,5.338413448824591E-7+0.005170983399272768i,5.338413448824591E-7,0.005170983399272768,-45.7285370830742,-45.727190710029895,-45.71815454262874
1.9091390435687784E7,5.312983409944859E-7+0.005171542088371713i,5.312983409944859E-7,0.005171542088371713,-45.7275986837365,-45.726252458965234,-45.71724067814765
1.9091505152204927E7,5.287733901788154E-7+0.005172098289262914i,5.287733901788154E-7,0.005172098289262914,-45.726664564396025,-45.72531848728667,-45.716330963273826
1.909161986872207E7,5.262663226263799E-7+0.005172652019457236i,5.262663226263799E-7,0.005172652019457236,-45.72573469427886,-45.7243887640671,-45.715425368104626
1.9091734585239213E7,5.23776969481535E-7+0.0051732032964828065i,5.23776969481535E-7,0.0051732032964828065,-45.724809042601244,-45.723463258676645,-45.714523863024056
1.9091849301756356E7,5.213051645659468E-7+0.005173752137595614i,5.213051645659468E-7,0.005173752137595614,-45.7238875790553,-45.722541940779244,-45.713626418699384
1.90919640182735E7,5.188507434322295E-7+0.005174298559934433i,5.188507434322295E-7,0.005174298559934433,-45.72297027354858,-45.721624780329165,-45.71273300607771
1.909207873479064E7,5.164135438746662E-7+0.0051748425803994705i,5.164135438746662E-7,0.0051748425803994705,-45.72205709640751,-45.72071174756748,-45.711843596382764
1.909219345130779E7,5.139934053992198E-7+0.005175384215770313i,5.139934053992198E-7,0.005175384215770313,-45.72114801817902,-45.71980281301858,-45.71095816111141
1.909230816782493E7,5.115901689107065E-7+0.005175923482777824i,5.115901689107065E-7,0.005175923482777824,-45.720243009509744,-45.71889794748706,-45.71007667203073
1.9092422884342074E7,5.09203677695698E-7+0.0051764603978622335i,5.09203677695698E-7,0.0051764603978622335,-45.71934204155167,-45.7179971220541,-45.709199101174455
1.9092537600859217E7,5.06833777060134E-7+0.005176994977294788i,5.06833777060134E-7,0.005176994977294788,-45.71844508575768,-45.71710030807434,-45.70832542084008
1.909265231737636E7,5.044803133763696E-7+0.005177527237336465i,5.044803133763696E-7,0.005177527237336465,-45.717552113615,-45.7162074771727,-45.707455603585736
1.9092767033893503E7,5.021431351652553E-7+0.00517805719400549i,5.021431351652553E-7,0.00517805719400549,-45.71666309703505,-45.71531860124111,-45.70658962222698
1.9092881750410646E7,4.998220928082758E-7+0.00517858486317388i,4.998220928082758E-7,0.00517858486317388,-45.71577800819112,-45.714433652435396,-45.70572744983395
1.909299646692779E7,4.975170383163961E-7+0.005179110260582863i,4.975170383163961E-7,0.005179110260582863,-45.714896819492324,-45.7135526031722,-45.70486905972836
1.9093111183444932E7,4.952278251904906E-7+0.005179633401836927i,4.952278251904906E-7,0.005179633401836927,-45.714019503593306,-45.712675426125955,-45.70401442548046
1.9093225899962075E7,4.929543087690607E-7+0.005180154302399238i,4.929543087690607E-7,0.005180154302399238,-45.713146033401685,-45.71180209422587,-45.70316352090625
1.909334061647922E7,4.906963463323975E-7+0.005180672977513236i,4.906963463323975E-7,0.005180672977513236,-45.712276382209225,-45.7109325806529,-45.70231632006464
1.9093455332996365E7,4.884537961386147E-7+0.00518118944243785i,4.884537961386147E-7,0.00518118944243785,-45.71141052329732,-45.71006685883699,-45.701472797254596
1.9093570049513508E7,4.862265186119602E-7+0.005181703712152298i,4.862265186119602E-7,0.005181703712152298,-45.71054843043158,-45.70920490245396,-45.70063292701234
1.909368476603065E7,4.840143754117372E-7+0.00518221580158615i,4.840143754117372E-7,0.00518221580158615,-45.70969007747599,-45.708346685422896,-45.699796684108705
1.9093799482547794E7,4.818172298604935E-7+0.005182725725506432i,4.818172298604935E-7,0.005182725725506432,-45.708835438581865,-45.707492181903184,-45.69896404354636
1.9093914199064936E7,4.796349470261814E-7+0.005183233498517835i,4.796349470261814E-7,0.005183233498517835,-45.70798448818732,-45.706641366291805,-45.698134980557164
1.909402891558208E7,4.774673930450418E-7+0.00518373913516029i,4.774673930450418E-7,0.00518373913516029,-45.707137200853516,-45.70579421322065,-45.69730947059959
1.9094143632099222E7,4.7531443598223887E-7+0.005184242649775772i,4.7531443598223887E-7,0.005184242649775772,-45.70629355148763,-45.704950697553755,-45.69648748935616
1.9094258348616365E7,4.73175945289255E-7+0.00518474405658644i,4.73175945289255E-7,0.00518474405658644,-45.70545351521168,-45.70411079438469,-45.69566901273073
1.909437306513351E7,4.7105179181514524E-7+0.0051852433697197305i,4.7105179181514524E-7,0.0051852433697197305,-45.70461706732033,-45.70327447903399,-45.6948540168462
1.909448778165065E7,4.689418475096901E-7+0.005185740603213252i,4.689418475096901E-7,0.005185740603213252,-45.70378418327246,-45.70244172704651,-45.694042478041865
1.9094602498167798E7,4.6684598624543555E-7+0.0051862357708936675i,4.6684598624543555E-7,0.0051862357708936675,-45.7029548388939,-45.70161251418884,-45.693234372871046
1.909471721468494E7,4.647640833843306E-7+0.005186728886450808i,4.647640833843306E-7,0.005186728886450808,-45.70212901025297,-45.70078681644695,-45.692429678098705
1.9094831931202084E7,4.6269601486647185E-7+0.005187219963619203i,4.6269601486647185E-7,0.005187219963619203,-45.70130667335633,-45.69996461002358,-45.69162837069892
1.9094946647719227E7,4.606416589428325E-7+0.00518770901581092i,4.606416589428325E-7,0.00518770901581092,-45.70048780476371,-45.69914587133583,-45.69083042785272
1.909506136423637E7,4.586008946923031E-7+0.005188196056427781i,4.586008946923031E-7,0.005188196056427781,-45.699672381064794,-45.6983305770128,-45.690035826945575
1.9095176080753513E7,4.5657360256422104E-7+0.005188681098730709i,4.5657360256422104E-7,0.005188681098730709,-45.69886037909786,-45.697518703893095,-45.6892445455653
1.9095290797270656E7,4.5455966432473937E-7+0.005189164155900304i,4.5455966432473937E-7,0.005189164155900304,-45.69805177584816,-45.69671022902267,-45.688456561499706
1.90954055137878E7,4.525589632390372E-7+0.005189645240910379i,4.525589632390372E-7,0.005189645240910379,-45.69724654865947,-45.69590512965234,-45.68767185273434
1.909552023030494E7,4.5057138356198193E-7+0.005190124366725938i,4.5057138356198193E-7,0.005190124366725938,-45.696444674902466,-45.69510338323557,-45.68689039745033
1.9095634946822084E7,4.48596811078915E-7+0.005190601546117802i,4.48596811078915E-7,0.005190601546117802,-45.69564613228487,-45.694304967426234,-45.68611217402223
1.909574966333923E7,4.466351323779289E-7+0.00519107679181957i,4.466351323779289E-7,0.00519107679181957,-45.69485089858854,-45.69350986007634,-45.68533716101584
1.9095864379856374E7,4.446862360187187E-7+0.005191550116349322i,4.446862360187187E-7,0.005191550116349322,-45.69405895196769,-45.69271803923398,-45.6845653371862
1.9095979096373517E7,4.427500108789385E-7+0.005192021532271389i,4.427500108789385E-7,0.005192021532271389,-45.6932702705107,-45.69192948314097,-45.683796681475314
1.909609381289066E7,4.408263478315324E-7+0.00519249105186345i,4.408263478315324E-7,0.00519249105186345,-45.69248483279698,-45.69114417023083,-45.683031173010306
1.9096208529407803E7,4.389151382540078E-7+0.005192958687468712i,4.389151382540078E-7,0.005192958687468712,-45.69170261730753,-45.69036207912661,-45.6822687911012
1.9096323245924946E7,4.3701627529130455E-7+0.005193424451166825i,4.3701627529130455E-7,0.005193424451166825,-45.69092360297535,-45.68958318863899,-45.68150951523913
1.909643796244209E7,4.35129652735523E-7+0.005193888355064769i,4.35129652735523E-7,0.005193888355064769,-45.690147768698715,-45.68880747776398,-45.68075332509416
1.909655267895923E7,4.332551657508112E-7+0.00519435041110535i,4.332551657508112E-7,0.00519435041110535,-45.689375093661305,-45.68803492568104,-45.68000020051347
1.9096667395476375E7,4.3139271076101075E-7+0.005194810631096664i,4.3139271076101075E-7,0.005194810631096664,-45.68860555728274,-45.687265511751036,-45.679250121519345
1.9096782111993518E7,4.2954218502517806E-7+0.005195269026801249i,4.2954218502517806E-7,0.005195269026801249,-45.687839139069396,-45.686499215514345,-45.67850306830736
1.9096896828510664E7,4.277034870356178E-7+0.0051957256098674074i,4.277034870356178E-7,0.0051957256098674074,-45.68707581872906,-45.68573601668877,-45.67775902124443
1.9097011545027807E7,4.258765163332792E-7+0.005196180391840126i,4.258765163332792E-7,0.005196180391840126,-45.686315576152545,-45.684975895167796,-45.67701796086705
1.909712626154495E7,4.240611734486851E-7+0.005196633384166361i,4.240611734486851E-7,0.005196633384166361,-45.68555839140469,-45.68421883101852,-45.67627986787934
1.9097240978062093E7,4.22257360228978E-7+0.005197084598166138i,4.22257360228978E-7,0.005197084598166138,-45.68480424477254,-45.68346480447984,-45.67554472315136
1.9097355694579236E7,4.204649790634109E-7+0.005197534045163946i,4.204649790634109E-7,0.005197534045163946,-45.68405311654559,-45.682713795960694,-45.67481250771727
1.909747041109638E7,4.1868393380883035E-7+0.005197981736288326i,4.1868393380883035E-7,0.005197981736288326,-45.68330498735059,-45.681965786038134,-45.674083202773616
1.9097585127613522E7,4.169141291410796E-7+0.00519842768260345i,4.169141291410796E-7,0.00519842768260345,-45.68255983793151,-45.68122075545551,-45.67335678967751
1.9097699844130665E7,4.151554710433234E-7+0.005198871895029481i,4.151554710433234E-7,0.005198871895029481,-45.68181764928248,-45.680478685120825,-45.67263324994506
1.9097814560647808E7,4.134078659078329E-7+0.005199314384532077i,4.134078659078329E-7,0.005199314384532077,-45.681078402331025,-45.67973955610484,-45.67191256524953
1.909792927716495E7,4.1167122145509705E-7+0.005199755161889038i,4.1167122145509705E-7,0.005199755161889038,-45.68034207832785,-45.6790033496394,-45.671194717419745
1.9098043993682098E7,4.0994544652745047E-7+0.005200194237734896i,4.0994544652745047E-7,0.005200194237734896,-45.67960865877212,-45.67827004711572,-45.670479688438476
1.909815871019924E7,4.0823045045984576E-7+0.0052006316227687435i,4.0823045045984576E-7,0.0052006316227687435,-45.67887812506427,-45.677539630082734,-45.66976746044077
1.9098273426716384E7,4.0652614414118506E-7+0.005201067327422007i,4.0652614414118506E-7,0.005201067327422007,-45.678150459060745,-45.67681208024538,-45.66905801571235
1.9098388143233526E7,4.048324387611321E-7+0.00520150136218819i,4.048324387611321E-7,0.00520150136218819,-45.677425642523126,-45.6760873794629,-45.66835133668802
1.909850285975067E7,4.0314924652955745E-7+0.005201933737464229i,4.0314924652955745E-7,0.005201933737464229,-45.67670365738303,-45.67536550974737,-45.66764740595008
1.9098617576267812E7,4.0147648110442356E-7+0.005202364463412739i,4.0147648110442356E-7,0.005202364463412739,-45.675984485971966,-45.67464645326198,-45.66694620622687
1.9098732292784955E7,3.9981405637374225E-7+0.005202793550293617i,3.9981405637374225E-7,0.005202793550293617,-45.67526811046753,-45.67393019231944,-45.66624772039114
1.90988470093021E7,3.981618875337942E-7+0.005203221008151619i,3.981618875337942E-7,0.005203221008151619,-45.674554513414876,-45.67321670938048,-45.6655519314586
1.909896172581924E7,3.9651989044821117E-7+0.005203646847033601i,3.9651989044821117E-7,0.005203646847033601,-45.67384367736403,-45.672505987052304,-45.66485882258646
1.9099076442336384E7,3.948879818481316E-7+0.005204071076867361i,3.948879818481316E-7,0.005204071076867361,-45.67313558507194,-45.671798008086995,-45.66416837707186
1.909919115885353E7,3.932660793386883E-7+0.005204493707517492i,3.932660793386883E-7,0.005204493707517492,-45.67243021940915,-45.671092755380045,-45.663480578350445
1.9099305875370674E7,3.9165410157522377E-7+0.005204914748710161i,3.9165410157522377E-7,0.005204914748710161,-45.671727563485256,-45.67039021196895,-45.662795409995105
1.9099420591887817E7,3.9005196762917487E-7+0.005205334210187809i,3.9005196762917487E-7,0.005205334210187809,-45.67102760039059,-45.6696903610316,-45.6621128557143
1.909953530840496E7,3.8845959772552744E-7+0.005205752101528163i,3.8845959772552744E-7,0.005205752101528163,-45.670330313498184,-45.66899318588487,-45.66143289935078
1.9099650024922103E7,3.8687691282707294E-7+0.0052061684322722065i,3.8687691282707294E-7,0.0052061684322722065,-45.66963568625009,-45.66829866998329,-45.660755524880265
1.9099764741439246E7,3.853038345824502E-7+0.005206583211882132i,3.853038345824502E-7,0.005206583211882132,-45.668943702227445,-45.66760679691747,-45.66008071640999
1.909987945795639E7,3.8374028540696444E-7+0.005206996449759835i,3.8374028540696444E-7,0.005206996449759835,-45.668254345119514,-45.6669175504128,-45.65940845817736
1.909999417447353E7,3.8218618873089896E-7+0.005207408155187948i,3.8218618873089896E-7,0.005207408155187948,-45.667567598821975,-45.666230914328125,-45.6587387345487
1.9100108890990674E7,3.8064146859505465E-7+0.005207818337397666i,3.8064146859505465E-7,0.005207818337397666,-45.666883447323656,-45.66554687265422,-45.65807153001786
1.9100223607507817E7,3.791060497191528E-7+0.005208227005556217i,3.791060497191528E-7,0.005208227005556217,-45.66620187472733,-45.66486540951254,-45.65740682920493
1.9100338324024964E7,3.775798578065313E-7+0.005208634168738178i,3.775798578065313E-7,0.005208634168738178,-45.66552286529748,-45.664186509153886,-45.65674461685499
1.9100453040542107E7,3.760628189725183E-7+0.005209039835992253i,3.760628189725183E-7,0.005209039835992253,-45.66484640334884,-45.66351015595717,-45.65608487783684
1.910056775705925E7,3.7455486048163355E-7+0.005209444016201361i,3.7455486048163355E-7,0.005209444016201361,-45.6641724734796,-45.6628363344279,-45.65542759714171
1.9100682473576393E7,3.7305590987193076E-7+0.005209846718288096i,3.7305590987193076E-7,0.005209846718288096,-45.66350106022873,-45.6621650291971,-45.654772759882064
1.9100797190093536E7,3.7156589589630244E-7+0.005210247950998718i,3.7156589589630244E-7,0.005210247950998718,-45.66283214843602,-45.66149622501996,-45.654120351290324
1.910091190661068E7,3.700847474695751E-7+0.005210647723123968i,3.700847474695751E-7,0.005210647723123968,-45.66216572287388,-45.66082990677457,-45.65347035671773
1.910102662312782E7,3.686123948263774E-7+0.005211046043247744i,3.686123948263774E-7,0.005211046043247744,-45.66150176866621,-45.66016605946076,-45.65282276163317
1.9101141339644965E7,3.6714876827718177E-7+0.005211442920019257i,3.6714876827718177E-7,0.005211442920019257,-45.66084027083466,-45.659504668198764,-45.65217755162184
1.9101256056162108E7,3.6569379907830227E-7+0.005211838361957166i,3.6569379907830227E-7,0.005211838361957166,-45.66018121462498,-45.65884571822813,-45.65153471238426
1.910137077267925E7,3.642474193450714E-7+0.005212232377487868i,3.642474193450714E-7,0.005212232377487868,-45.65952458544315,-45.658189194906456,-45.65089422973507
1.9101485489196397E7,3.6280956160409373E-7+0.005212624975025948i,3.6280956160409373E-7,0.005212624975025948,-45.6588703687212,-45.65753508370819,-45.65025608960181
1.910160020571354E7,3.613801590454977E-7+0.00521301616290815i,3.613801590454977E-7,0.00521301616290815,-45.65821855002721,-45.65688337022358,-45.64962027802398
1.9101714922230683E7,3.599591456786804E-7+0.005213405949383752i,3.599591456786804E-7,0.005213405949383752,-45.657569115081166,-45.656234040157386,-45.64898678115171
1.9101829638747826E7,3.585464560641078E-7+0.005213794342633544i,3.585464560641078E-7,0.005213794342633544,-45.65692204972336,-45.655587079327844,-45.6483555852448
1.910194435526497E7,3.571420254779378E-7+0.0052141813507845455i,3.571420254779378E-7,0.0052141813507845455,-45.656277339889755,-45.65494247366548,-45.64772667667167
1.9102059071782112E7,3.5574578958113323E-7+0.005214566981933003i,3.5574578958113323E-7,0.005214566981933003,-45.655634971573534,-45.65430020921202,-45.64710004190813
1.9102173788299255E7,3.543576848863429E-7+0.0052149512440802445i,3.543576848863429E-7,0.0052149512440802445,-45.654994930932,-45.65366027211934,-45.64647566753652
1.9102288504816398E7,3.5297764856765413E-7+0.005215334145138324i,3.5297764856765413E-7,0.005215334145138324,-45.65435720427698,-45.6530226486483,-45.64585354024448
1.910240322133354E7,3.5160561819951035E-7+0.005215715693021239i,3.5160561819951035E-7,0.005215715693021239,-45.65372177792288,-45.652387325167716,-45.64523364682407
1.9102517937850684E7,3.502415320347561E-7+0.00521609589555796i,3.502415320347561E-7,0.00521609589555796,-45.65308863833147,-45.651754288153306,-45.64461597417064
1.910263265436783E7,3.4888532895452814E-7+0.005216474760488648i,3.4888532895452814E-7,0.005216474760488648,-45.65245777211806,-45.65112352418666,-45.64400050928188
1.9102747370884974E7,3.47536948499317E-7+0.005216852295518202i,3.47536948499317E-7,0.005216852295518202,-45.6518291659623,-45.65049501995417,-45.64338723925683
1.9102862087402117E7,3.461963306016377E-7+0.005217228508309837i,3.461963306016377E-7,0.005217228508309837,-45.65120280661876,-45.649868762246,-45.642776151294846
1.910297680391926E7,3.448634158725199E-7+0.005217603406419786i,3.448634158725199E-7,0.005217603406419786,-45.65057868102565,-45.649244737955144,-45.64216723269467
1.9103091520436402E7,3.4353814554512644E-7+0.005217976997390883i,3.4353814554512644E-7,0.005217976997390883,-45.649956776148855,-45.64862293407632,-45.64156047085342
1.9103206236953545E7,3.4222046128871E-7+0.0052183492887061195i,3.4222046128871E-7,0.0052183492887061195,-45.64933707905928,-45.64800333770512,-45.640955853265694
1.910332095347069E7,3.4091030551265086E-7+0.005218720287732743i,3.4091030551265086E-7,0.005218720287732743,-45.648719577025744,-45.6473859360369,-45.640353367522614
1.910343566998783E7,3.396076207814356E-7+0.005219090001903618i,3.396076207814356E-7,0.005219090001903618,-45.64810425721311,-45.64677071636591,-45.639753001310844
1.9103550386504974E7,3.3831235080699726E-7+0.005219458438435651i,3.3831235080699726E-7,0.005219458438435651,-45.647491107150856,-45.64615766608428,-45.63915474241176
1.9103665103022117E7,3.3702443936604835E-7+0.005219825604612873i,3.3702443936604835E-7,0.005219825604612873,-45.64688011426182,-45.64554677268117,-45.63855857870049
1.9103779819539264E7,3.3574383082597246E-7+0.00522019150763395i,3.3574383082597246E-7,0.00522019150763395,-45.64627126611598,-45.6449380237417,-45.637964498144974
1.9103894536056407E7,3.344704702107363E-7+0.005220556154625569i,3.344704702107363E-7,0.005220556154625569,-45.645664550408114,-45.64433140694619,-45.63737248880524
1.910400925257355E7,3.3320430292105905E-7+0.005220919552695703i,3.3320430292105905E-7,0.005220919552695703,-45.64505995486904,-45.643726910069134,-45.63678253883228
1.9104123969090693E7,3.3194527514453253E-7+0.005221281708815356i,3.3194527514453253E-7,0.005221281708815356,-45.64445746746238,-45.6431245209783,-45.63619463646738
1.9104238685607836E7,3.306933331506192E-7+0.005221642630028691i,3.306933331506192E-7,0.005221642630028691,-45.64385707603485,-45.64252422763389,-45.635608770041216
1.910435340212498E7,3.29448424090366E-7+0.005222002323212046i,3.29448424090366E-7,0.005222002323212046,-45.64325876871716,-45.64192601808771,-45.635024927972935
1.910446811864212E7,3.2821049534812704E-7+0.0052223607952794245i,3.2821049534812704E-7,0.0052223607952794245,-45.64266253358208,-45.641329880482154,-45.634443098769424
1.9104582835159265E7,3.269794950409846E-7+0.005222718053011453i,3.269794950409846E-7,0.005222718053011453,-45.6420683589289,-45.640735803049495,-45.63386327102435
1.9104697551676407E7,3.2575537153346724E-7+0.005223074103195836i,3.2575537153346724E-7,0.005223074103195836,-45.641476233049765,-45.64014377411095,-45.63328543341755
1.910481226819355E7,3.245380737655251E-7+0.005223428952567332i,3.245380737655251E-7,0.005223428952567332,-45.64088614432944,-45.639553782075886,-45.63270957471394
1.9104926984710697E7,3.233275511824652E-7+0.0052237826077825i,3.233275511824652E-7,0.0052237826077825,-45.64029808128727,-45.63896581544089,-45.63213568376297
1.910504170122784E7,3.221237536084963E-7+0.0052241350754843865i,3.221237536084963E-7,0.0052241350754843865,-45.63971203246953,-45.63837986278916,-45.63156374949771
1.9105156417744983E7,3.2092663146310125E-7+0.005224486362223779i,3.2092663146310125E-7,0.005224486362223779,-45.63912798658031,-45.63779591278945,-45.63099376093404
1.9105271134262126E7,3.197361355595883E-7+0.005224836474525697i,3.197361355595883E-7,0.005224836474525697,-45.638545932370945,-45.6372139541954,-45.630425707169955
1.910538585077927E7,3.1855221704496914E-7+0.005225185418884349i,3.1855221704496914E-7,0.005225185418884349,-45.637965858648286,-45.63663397584476,-45.62985957738478
1.910550056729641E7,3.173748277731504E-7+0.00522553320170324i,3.173748277731504E-7,0.00522553320170324,-45.637387754374274,-45.636055966658525,-45.62929536083832
1.9105615283813555E7,3.162039197280446E-7+0.005225879829394955i,3.162039197280446E-7,0.005225879829394955,-45.63681160849997,-45.63547991564022,-45.6287330468703
1.9105730000330698E7,3.1503944560002855E-7+0.005226225308271181i,3.1503944560002855E-7,0.005226225308271181,-45.63623741014836,-45.63490581187512,-45.628172624899435
1.910584471684784E7,3.138813583560696E-7+0.00522656964464019i,3.138813583560696E-7,0.00522656964464019,-45.63566514845221,-45.63433364452949,-45.62761408442282
1.9105959433364984E7,3.1272961141530707E-7+0.0052269128447385025i,3.1272961141530707E-7,0.0052269128447385025,-45.63509481266766,-45.63376340284981,-45.627057415015116
1.910607414988213E7,3.115841586531467E-7+0.005227254914764943i,3.115841586531467E-7,0.005227254914764943,-45.63452639211754,-45.63319507616203,-45.626502606327925
1.9106188866399273E7,3.104449544707072E-7+0.005227595860854362i,3.104449544707072E-7,0.005227595860854362,-45.63395987623498,-45.63262865387099,-45.62594964808905
1.9106303582916416E7,3.093119533849471E-7+0.005227935689149456i,3.093119533849471E-7,0.005227935689149456,-45.63339525444406,-45.63206412545941,-45.62539853010175
1.910641829943356E7,3.0818511064943626E-7+0.005228274405673833i,3.0818511064943626E-7,0.005228274405673833,-45.632832516370634,-45.631501480487415,-45.624849242244096
1.9106533015950702E7,3.0706438170738184E-7+0.005228612016479938i,3.0706438170738184E-7,0.005228612016479938,-45.63227165159652,-45.63094070859171,-45.62430177446825
1.9106647732467845E7,3.059497224077966E-7+0.0052289485275428095i,3.059497224077966E-7,0.0052289485275428095,-45.631712649835976,-45.63038179948494,-45.62375611679987
1.9106762448984988E7,3.048410891279867E-7+0.005229283944798872i,3.048410891279867E-7,0.005229283944798872,-45.63115550087122,-45.62982474295494,-45.62321225933731
1.910687716550213E7,3.037384385632222E-7+0.005229618274128348i,3.037384385632222E-7,0.005229618274128348,-45.63060019458159,-45.62926952886407,-45.6226701922511
1.9106991882019274E7,3.026417278852908E-7+0.00522995152136242i,3.026417278852908E-7,0.00522995152136242,-45.63004672093154,-45.62871614714857,-45.62212990578316
1.9107106598536417E7,3.015509143736615E-7+0.0052302836923515715i,3.015509143736615E-7,0.0052302836923515715,-45.62949506985718,-45.628164587817814,-45.62159139024623
1.910722131505356E7,3.004659560741488E-7+0.005230614792834116i,3.004659560741488E-7,0.005230614792834116,-45.62894523148457,-45.62761484095372,-45.62105463602322
1.9107336031570707E7,2.993868109965503E-7+0.005230944828567207i,2.993868109965503E-7,0.005230944828567207,-45.62839719591204,-45.62706689671006,-45.620519633566545
1.910745074808785E7,2.983134379843704E-7+0.005231273805182592i,2.983134379843704E-7,0.005231273805182592,-45.62785095344975,-45.62652074531183,-45.619986373397545
1.9107565464604992E7,2.972457959323692E-7+0.005231601728348759i,2.972457959323692E-7,0.005231601728348759,-45.627306494350385,-45.62597637705458,-45.61945484610585
1.9107680181122135E7,2.961838440742023E-7+0.005231928603683116i,2.961838440742023E-7,0.005231928603683116,-45.62676380895488,-45.62543378230377,-45.61892504234871
1.910779489763928E7,2.951275421637122E-7+0.0052322544367344685i,2.951275421637122E-7,0.0052322544367344685,-45.62622288772157,-45.62489295149419,-45.61839695285046
1.910790961415642E7,2.94076850256128E-7+0.0052325792330355685i,2.94076850256128E-7,0.0052325792330355685,-45.62568372113883,-45.62435387512929,-45.61787056840188
1.9108024330673564E7,2.9303172868270495E-7+0.005232902998079562i,2.9303172868270495E-7,0.005232902998079562,-45.62514629976417,-45.62381654378058,-45.61734587985963
1.9108139047190707E7,2.9199213829224705E-7+0.005233225737291752i,2.9199213829224705E-7,0.005233225737291752,-45.62461061427104,-45.62328094808704,-45.61682287814561
1.910825376370785E7,2.9095804015947544E-7+0.005233547456090218i,2.9095804015947544E-7,0.005233547456090218,-45.62407665534821,-45.62274707875452,-45.616301554246476
1.9108368480224993E7,2.899293956105786E-7+0.005233868159871758i,2.899293956105786E-7,0.005233868159871758,-45.62354441372303,-45.62221492655509,-45.615781899212934
1.910848319674214E7,2.889061665508809E-7+0.005234187853928042i,2.889061665508809E-7,0.005234187853928042,-45.623013880300576,-45.62168448232648,-45.615263904159285
1.9108597913259283E7,2.8788831503686186E-7+0.00523450654357687i,2.8788831503686186E-7,0.00523450654357687,-45.62248504594574,-45.62115573697159,-45.61474756026281
1.9108712629776426E7,2.868758035239452E-7+0.005234824234064625i,2.868758035239452E-7,0.005234824234064625,-45.621957901645104,-45.620628681457724,-45.614232858763195
1.910882734629357E7,2.858685946972044E-7+0.0052351409306478905i,2.858685946972044E-7,0.0052351409306478905,-45.62143243837149,-45.62010330681617,-45.613719790962016
1.910894206281071E7,2.848666517156801E-7+0.005235456638477072i,2.848666517156801E-7,0.005235456638477072,-45.62090864727698,-45.619579604141585,-45.61320834822222
1.9109056779327855E7,2.838699379591672E-7+0.005235771362721725i,2.838699379591672E-7,0.005235771362721725,-45.62038651948495,-45.619057564591444,-45.61269852196746
1.9109171495844997E7,2.8287841711373374E-7+0.0052360851084981095i,2.8287841711373374E-7,0.0052360851084981095,-45.61986604621027,-45.61853717938547,-45.61219030368172
1.910928621236214E7,2.8189205334134043E-7+0.0052363978808654685i,2.8189205334134043E-7,0.0052363978808654685,-45.61934721876537,-45.618018439805105,-45.6116836849087
1.9109400928879283E7,2.809108108348783E-7+0.0052367096848933165i,2.809108108348783E-7,0.0052367096848933165,-45.61883002844863,-45.61750133719298,-45.6111786572513
1.9109515645396426E7,2.7993465439902853E-7+0.0052370205255644255i,2.7993465439902853E-7,0.0052370205255644255,-45.618314466705286,-45.616985862952326,-45.61067521237109
1.9109630361913573E7,2.7896354892179664E-7+0.005237330407864807i,2.7896354892179664E-7,0.005237330407864807,-45.6178005249781,-45.616472008546495,-45.61017334198784
1.9109745078430716E7,2.7799745967579425E-7+0.0052376393367404885i,2.7799745967579425E-7,0.0052376393367404885,-45.617288194779036,-45.61595976549845,-45.609673037879034
1.910985979494786E7,2.77036352184018E-7+0.005237947317104072i,2.77036352184018E-7,0.005237947317104072,-45.61677746767838,-45.61544912539019,-45.60917429187923
1.9109974511465E7,2.760801923357865E-7+0.005238254353812907i,2.760801923357865E-7,0.005238254353812907,-45.61626833534084,-45.61494007986227,-45.608677095879735
1.9110089227982145E7,2.751289462048925E-7+0.005238560451733244i,2.751289462048925E-7,0.005238560451733244,-45.6157607894192,-45.614432620613286,-45.60818144182803
1.9110203944499288E7,2.741825803194905E-7+0.005238865615644981i,2.741825803194905E-7,0.005238865615644981,-45.615254821712185,-45.61392673939934,-45.60768732172724
1.911031866101643E7,2.732410614371491E-7+0.005239169850315631i,2.732410614371491E-7,0.005239169850315631,-45.614750424041794,-45.61342242803364,-45.6071947276358
1.9110433377533574E7,2.7230435642276997E-7+0.005239473160514734i,2.7230435642276997E-7,0.005239473160514734,-45.61424758822941,-45.61291967838591,-45.6067036516668
1.9110548094050717E7,2.713724326908025E-7+0.005239775550931653i,2.713724326908025E-7,0.005239775550931653,-45.61374630623202,-45.612418482381905,-45.60621408598766
1.911066281056786E7,2.704452577119319E-7+0.0052400770262625756i,2.704452577119319E-7,0.0052400770262625756,-45.61324656999793,-45.611918832003006,-45.60572602281955
1.9110777527085006E7,2.6952279938497693E-7+0.005240377591128699i,2.6952279938497693E-7,0.005240377591128699,-45.612748371602436,-45.611420719285654,-45.60523945443701
1.911089224360215E7,2.686050257714909E-7+0.0052406772501595415i,2.686050257714909E-7,0.0052406772501595415,-45.61225170310963,-45.610924136320975,-45.6047543731675
1.9111006960119292E7,2.67691905200242E-7+0.005240976007957299i,2.67691905200242E-7,0.005240976007957299,-45.61175655663149,-45.6104290752542,-45.60427077139087
1.9111121676636435E7,2.667834064593677E-7+0.005241273869033254i,2.667834064593677E-7,0.005241273869033254,-45.611262924433206,-45.60993552828429,-45.60378864153896
1.9111236393153578E7,2.6587949829447696E-7+0.005241570837944538i,2.6587949829447696E-7,0.005241570837944538,-45.61077079870656,-45.60944348766343,-45.603307976095174
1.911135110967072E7,2.6498014996193E-7+0.005241866919173162i,2.6498014996193E-7,0.005241866919173162,-45.61028017177027,-45.608952945696586,-45.60282876759402
1.9111465826187864E7,2.6408533092058657E-7+0.005242162117156546i,2.6408533092058657E-7,0.005242162117156546,-45.60979103601948,-45.608463894741085,-45.602351008620666
1.9111580542705007E7,2.631950107518618E-7+0.005242456436364241i,2.631950107518618E-7,0.005242456436364241,-45.60930338379854,-45.60797632720613,-45.60187469181053
1.911169525922215E7,2.623091594463549E-7+0.005242749881178843i,2.623091594463549E-7,0.005242749881178843,-45.60881720759829,-45.607490235552376,-45.60139980984886
1.9111809975739293E7,2.614277471800986E-7+0.005243042455972337i,2.614277471800986E-7,0.005243042455972337,-45.608332499929595,-45.6070056122915,-45.600926355470264
1.911192469225644E7,2.605507444069694E-7+0.005243334165089957i,2.605507444069694E-7,0.005243334165089957,-45.60784925335,-45.606522449985775,-45.6004543214584
1.9112039408773582E7,2.596781217199047E-7+0.005243625012861192i,2.596781217199047E-7,0.005243625012861192,-45.60736746044549,-45.60604074124764,-45.599983700645424
1.9112154125290725E7,2.5880985018602645E-7+0.00524391500354674i,2.5880985018602645E-7,0.00524391500354674,-45.60688711391839,-45.60556047873924,-45.599514485911705
1.911226884180787E7,2.5794590080073366E-7+0.005244204141423312i,2.5794590080073366E-7,0.005244204141423312,-45.60640820644677,-45.60508165517209,-45.599046670185366
1.911238355832501E7,2.5708624504159865E-7+0.005244492430722439i,2.5708624504159865E-7,0.005244492430722439,-45.60593073078585,-45.60460426330658,-45.59858024644185
1.9112498274842154E7,2.5623085459541857E-7+0.0052447798756268295i,2.5623085459541857E-7,0.0052447798756268295,-45.60545467977398,-45.60412829595157,-45.59811520770359
1.9112612991359297E7,2.553797012223254E-7+0.0052450664803408i,2.553797012223254E-7,0.0052450664803408,-45.60498004621597,-45.603653745964074,-45.5976515470396
1.911272770787644E7,2.545327571140157E-7+0.005245352248980629i,2.545327571140157E-7,0.005245352248980629,-45.604506823064675,-45.60318060624877,-45.59718925756505
1.9112842424393583E7,2.5368999458853175E-7+0.005245637185677156i,2.5368999458853175E-7,0.005245637185677156,-45.60403500325102,-45.602708869757606,-45.596728332440904
1.9112957140910726E7,2.5285138618904504E-7+0.005245921294514113i,2.5285138618904504E-7,0.005245921294514113,-45.60356457978613,-45.602238529489476,-45.59626876487361
1.9113071857427873E7,2.520169046075769E-7+0.005246204579597118i,2.520169046075769E-7,0.005246204579597118,-45.60309554564705,-45.60176957848974,-45.59581054811457
1.9113186573945016E7,2.511865229719255E-7+0.005246487044924551i,2.511865229719255E-7,0.005246487044924551,-45.60262789399055,-45.6013020098499,-45.59535367545992
1.911330129046216E7,2.5036021448167445E-7+0.005246768694507349i,2.5036021448167445E-7,0.005246768694507349,-45.60216161795469,-45.60083581670723,-45.594898140250066
1.91134160069793E7,2.495379525255698E-7+0.0052470495323663924i,2.495379525255698E-7,0.0052470495323663924,-45.60169671066319,-45.60037099224432,-45.594443935869364
1.9113530723496445E7,2.4871971079667956E-7+0.005247329562433131i,2.4871971079667956E-7,0.005247329562433131,-45.601233165389914,-45.59990752968879,-45.59399105574572
1.9113645440013587E7,2.479054631463125E-7+0.0052476087886589385i,2.479054631463125E-7,0.0052476087886589385,-45.600770975377785,-45.59944542231286,-45.59353949335028
1.911376015653073E7,2.4709518366618896E-7+0.0052478872149411505i,2.4709518366618896E-7,0.0052478872149411505,-45.60031013396123,-45.598984663433,-45.59308924219704
1.9113874873047873E7,2.462888467063238E-7+0.005248164845165751i,2.462888467063238E-7,0.005248164845165751,-45.59985063449547,-45.598525246409565,-45.59264029584249
1.9113989589565016E7,2.4548642666198787E-7+0.005248441683208912i,2.4548642666198787E-7,0.005248441683208912,-45.59939247035399,-45.59806716464649,-45.59219264788533
1.911410430608216E7,2.4468789829600975E-7+0.0052487177328872i,2.4468789829600975E-7,0.0052487177328872,-45.5989356350109,-45.597610411590814,-45.59174629196601
1.9114219022599306E7,2.438932365405792E-7+0.005248992998008436i,2.438932365405792E-7,0.005248992998008436,-45.59848012195673,-45.59715498073244,-45.59130122176651
1.911433373911645E7,2.431024164384784E-7+0.00524926748238355i,2.431024164384784E-7,0.00524926748238355,-45.59802592467885,-45.596700865603744,-45.59085743100993
1.911444845563359E7,2.423154132991966E-7+0.005249541189754197i,2.423154132991966E-7,0.005249541189754197,-45.59757303678114,-45.59624805977922,-45.59041491346018
1.9114563172150735E7,2.4153220276208964E-7+0.005249814123844138i,2.4153220276208964E-7,0.005249814123844138,-45.59712145189904,-45.59579655687514,-45.589973662921636
1.9114677888667878E7,2.4075276042169476E-7+0.005250086288381633i,2.4075276042169476E-7,0.005250086288381633,-45.59667116366242,-45.59534635054923,-45.58953367323882
1.911479260518502E7,2.3997706213781913E-7+0.005250357687077286i,2.3997706213781913E-7,0.005250357687077286,-45.59622216573224,-45.5948974345003,-45.589094938296064
1.9114907321702164E7,2.3920508403138865E-7+0.0052506283235786684i,2.3920508403138865E-7,0.0052506283235786684,-45.595774451875606,-45.594449802467985,-45.58865745201722
1.9115022038219307E7,2.384368024952731E-7+0.005250898201502196i,2.384368024952731E-7,0.005250898201502196,-45.59532801591297,-45.59400344823232,-45.58822120836534
1.911513675473645E7,2.3767219388270608E-7+0.005251167324494262i,2.3767219388270608E-7,0.005251167324494262,-45.59488285161705,-45.59355836561351,-45.58778620134227
1.9115251471253593E7,2.369112348678801E-7+0.0052514356961580536i,2.369112348678801E-7,0.0052514356961580536,-45.59443895283383,-45.59311454847149,-45.58735242498848
1.911536618777074E7,2.3615390227824971E-7+0.005251703320056501i,2.3615390227824971E-7,0.005251703320056501,-45.59399631347767,-45.59267199070572,-45.58691987338265
1.9115480904287882E7,2.3540017315379524E-7+0.005251970199748657i,2.3540017315379524E-7,0.005251970199748657,-45.5935549274711,-45.592230686254844,-45.58648854064142
1.9115595620805025E7,2.3465002477148108E-7+0.0052522363387379695i,2.3465002477148108E-7,0.0052522363387379695,-45.59311478883038,-45.591790629096316,-45.58605842091904
1.9115710337322168E7,2.339034343911248E-7+0.005252501740566846i,2.339034343911248E-7,0.005252501740566846,-45.59267589150907,-45.591351813246106,-45.58562950840711
1.911582505383931E7,2.3316037965431138E-7+0.005252766408695126i,2.3316037965431138E-7,0.005252766408695126,-45.592238229599005,-45.59091423275846,-45.58520179733424
1.9115939770356454E7,2.3242083828606114E-7+0.0052530303465955445i,2.3242083828606114E-7,0.0052530303465955445,-45.59180179717241,-45.59047788172555,-45.58477528196585
1.9116054486873597E7,2.3168478820100756E-7+0.0052532935577026246i,2.3168478820100756E-7,0.0052532935577026246,-45.59136658836635,-45.5900427542771,-45.58434995660372
1.911616920339074E7,2.3095220743144939E-7+0.005253556045448569i,2.3095220743144939E-7,0.005253556045448569,-45.59093259732344,-45.58960884458025,-45.58392581558586
1.9116283919907883E7,2.302230742999436E-7+0.005253817813221901i,2.302230742999436E-7,0.005253817813221901,-45.59049981826015,-45.58917614683912,-45.58350285328609
1.9116398636425026E7,2.2949736729028972E-7+0.005254078864381517i,2.2949736729028972E-7,0.005254078864381517,-45.59006824544359,-45.58874465529456,-45.5830810641139
1.9116513352942172E7,2.2877506478960735E-7+0.005254339202335622i,2.2877506478960735E-7,0.005254339202335622,-45.589637873060965,-45.58831436422386,-45.582660442514026
1.9116628069459315E7,2.2805614583899718E-7+0.005254598830348135i,2.2805614583899718E-7,0.005254598830348135,-45.58920869553962,-45.5878852679405,-45.58224098296626
1.911674278597646E7,2.273405891186991E-7+0.005254857751802688i,2.273405891186991E-7,0.005254857751802688,-45.58878070711063,-45.5874573607938,-45.581822679985144
1.91168575024936E7,2.2662837387457188E-7+0.0052551159699451245i,2.2662837387457188E-7,0.0052551159699451245,-45.58835390223439,-45.58703063716867,-45.5814055281197
1.9116972219010744E7,2.2591947926274625E-7+0.0052553734880796225i,2.2591947926274625E-7,0.0052553734880796225,-45.58792827527644,-45.586605091485346,-45.58098952195319
1.9117086935527887E7,2.2521388480814024E-7+0.005255630309422083i,2.2521388480814024E-7,0.005255630309422083,-45.58750382074982,-45.586180718199074,-45.58057465610278
1.911720165204503E7,2.2451157002310928E-7+0.005255886437231241i,2.2451157002310928E-7,0.005255886437231241,-45.58708053309827,-45.585757511799876,-45.580160925219324
1.9117316368562173E7,2.2381251455314156E-7+0.005256141874739083i,2.2381251455314156E-7,0.005256141874739083,-45.58665840681129,-45.585335466812246,-45.57974832398712
1.9117431085079316E7,2.2311669843752308E-7+0.005256396625099301i,2.2311669843752308E-7,0.005256396625099301,-45.58623743650927,-45.58491457779488,-45.57933684712356
1.911754580159646E7,2.2242410162096004E-7+0.005256650691509593i,2.2242410162096004E-7,0.005256650691509593,-45.5858176167414,-45.584494839340444,-45.578926489378986
1.9117660518113606E7,2.2173470428884136E-7+0.0052569040771320305i,2.2173470428884136E-7,0.0052569040771320305,-45.5853989421172,-45.58407624607529,-45.57851724553639
1.911777523463075E7,2.2104848690279545E-7+0.005257156785057533i,2.2104848690279545E-7,0.005257156785057533,-45.58498140736524,-45.58365879265918,-45.57810911041109
1.911788995114789E7,2.2036542980571735E-7+0.005257408818454788i,2.2036542980571735E-7,0.005257408818454788,-45.58456500708705,-45.58324247378506,-45.57770207885063
1.9118004667665035E7,2.1968551377276465E-7+0.005257660180389525i,2.1968551377276465E-7,0.005257660180389525,-45.584149736055736,-45.58282728417875,-45.57729614573434
1.9118119384182177E7,2.190087195344951E-7+0.0052579108739378416i,2.190087195344951E-7,0.0052579108739378416,-45.58373558902866,-45.582413218598745,-45.576891305973284
1.911823410069932E7,2.1833502798816427E-7+0.005258160902185212i,2.1833502798816427E-7,0.005258160902185212,-45.58332256074918,-45.58200027183591,-45.57648755450983
1.9118348817216463E7,2.176644202769667E-7+0.005258410268163387i,2.176644202769667E-7,0.005258410268163387,-45.582910646050735,-45.5815884387133,-45.5760848863176
1.9118463533733606E7,2.1699687762914092E-7+0.005258658974875087i,2.1699687762914092E-7,0.005258658974875087,-45.58249983981619,-45.581177714085825,-45.57568329640107
1.911857825025075E7,2.1633238138511344E-7+0.005258907025343848i,2.1633238138511344E-7,0.005258907025343848,-45.58209013689534,-45.5807680928401,-45.575282779795415
1.9118692966767892E7,2.156709130953634E-7+0.005259154422544893i,2.156709130953634E-7,0.005259154422544893,-45.58168153221918,-45.580359569894135,-45.57488333156624
1.911880768328504E7,2.1501245437902061E-7+0.005259401169452922i,2.1501245437902061E-7,0.005259401169452922,-45.58127402072095,-45.57995214019705,-45.57448494680937
1.9118922399802182E7,2.143569870129995E-7+0.005259647269016529i,2.143569870129995E-7,0.005259647269016529,-45.580867597378294,-45.57954579872903,-45.57408762065062
1.9119037116319325E7,2.1370449298615629E-7+0.005259892724159577i,2.1370449298615629E-7,0.005259892724159577,-45.580462257211096,-45.57914054050084,-45.57369134824556
1.9119151832836468E7,2.130549542799246E-7+0.00526013753781508i,2.130549542799246E-7,0.00526013753781508,-45.58005799522541,-45.57873636055375,-45.573296124779276
1.911926654935361E7,2.12408353126335E-7+0.005260381712872298i,2.12408353126335E-7,0.005260381712872298,-45.579654806500855,-45.57833325395926,-45.57290194546611
1.9119381265870754E7,2.1176467183958794E-7+0.005260625252209927i,2.1176467183958794E-7,0.005260625252209927,-45.57925268613582,-45.577931215818865,-45.572508805549546
